0	0	1.5969218682319387E-4	0.9995888290407922	1.3079709475511637E-4	1.2068167762952806E-4
1	1	3.091931799494587E-5	7.547316815763754E-5	0.3544224098803983	0.6454711976334492
2	2	1.0197991438543152E-4	0.999737424979569	8.352742103630967E-5	7.706768500938343E-5
3	3	6.402086269772016E-5	0.9998351608801381	5.243677233782978E-5	4.838148482620935E-5
4	4	1.0555626251955222E-4	0.9997282166988006	8.645665605451239E-5	7.977038262533363E-5
5	5	5.5213092087661974E-5	0.9998578388806231	4.522270113007181E-5	4.172532615906852E-5
6	6	4.012455083094767E-5	0.9998966884330338	3.28643171682066E-5	3.0322698966927406E-5
7	7	7.987808358582513E-5	0.9997943321529936	6.542474917197903E-5	6.0365014248580305E-5
8	8	3.1633382602959127E-4	0.9991855125459427	2.590956153869358E-4	2.390580126408142E-4
9	9	1.3672195316286365E-4	0.999647972153522	1.1198315095244431E-4	1.033227423627697E-4
10	10	8.168453962297169E-5	0.9997896809407062	6.690434066710466E-5	6.173017900374898E-5
11	11	8.243020873028865E-5	0.9997877610128236	6.751508659541788E-5	6.229369185066838E-5
12	12	9.55081009563534E-5	0.9257154990979941	0.07411681595833793	7.21768427116874E-5
13	13	1.7864851480276173E-4	0.9995400208197172	1.4632341871796464E-4	1.3500724676211598E-4
14	14	1.0617685103671321E-4	0.99972661882491	8.69649537783886E-5	8.023937027500199E-5
15	15	2.2834175500900178E-4	0.9994120720599925	1.8702504337002503E-4	1.725611416284686E-4
16	16	8.596140879138563E-5	0.9997786689780462	7.04073427425639E-5	6.496227041982841E-5
17	17	8.205568017160263E-5	0.9997887253384415	6.720832614361701E-5	6.201065524329546E-5
18	18	1.2533561960193285E-4	0.9233364224498535	0.07644352400388087	9.471792666377804E-5
19	19	1.982606974728408E-4	0.8897086914775719	1.6238692543099568E-4	0.10993066089952418
20	20	0.010819995507787235	0.8294569010227103	0.15957805217050988	1.4505129899256307E-4
21	21	7.163965535602248E-5	0.9998155442267025	5.8677002151645684E-5	5.41391157899173E-5
22	22	4.893021743253362E-5	0.9998740158498908	4.00766650718945E-5	3.697726760466712E-5
23	23	1.7689861280372057E-4	0.999544526418255	1.4489014823595813E-4	1.3368482070525846E-4
24	24	8.095224031545876E-5	0.9101418835432112	0.08971598744656688	6.117676990643698E-5
25	25	1.919393199751123E-4	0.8400849572105225	0.15957805217050988	1.4505129899256307E-4
26	26	1.1952884249273009E-4	0.9996922404921718	9.790100347739926E-5	9.032966185821681E-5
27	27	1.9692364969579797E-5	0.9999492966515477	1.612918063255155E-5	1.4881802850211038E-5
28	28	3.190246051822351E-5	0.9999178584403327	2.6129951842561804E-5	2.4109147306697235E-5
29	29	7.197793155910496E-4	0.0017569606590569836	0.31943426766389504	0.6780889923614569
30	30	2.4050529119193912E-4	5.87066515758786E-4	0.12005223014531098	0.8791201980477382
31	31	2.6951106209710003E-5	6.578687703694782E-5	0.3372899093713776	0.6626173526453758
32	32	1.2891432181472506E-4	0.17163240168031133	0.31418808503673284	0.514050598961141
33	33	0.12699713479221192	8.74508833926853E-5	0.21229278146811334	0.660622632856282
34	34	1.3776491101929724E-4	0.1986724189058019	0.25184716729520285	0.5493426488879759
35	35	5.6597353362068935E-5	1.3815251579193634E-4	0.5077391834427141	0.49206606668813185
36	36	1.2277932502598697E-4	2.997008098782216E-4	0.6459610816416372	0.35361643822345856
37	37	1.5038383572397212E-4	3.6708262852502664E-4	0.3581862202827549	0.6412963132529961
38	38	4.6199573411215343E-4	0.0011277183324178558	3.7840110410680586E-4	0.9980318848293632
39	39	5.607019712345124E-5	1.3686574253746013E-4	0.6489317078071191	0.3508753562532199
40	40	1.1141722215505159E-4	2.7196624274635097E-4	0.691062923169015	0.30855369336608374
41	41	8.989128243744804E-4	0.002194220414698731	0.9962275454375341	6.793213233927205E-4
42	42	0.9999683041186261	1.926635558155437E-5	6.464743912199846E-6	5.964781880134519E-6
43	43	9.454882730992505E-6	0.7874202913544527	0.2125631085722314	7.145190584871525E-6
44	44	1.961078096140051E-4	4.7869353698044544E-4	1.6062358632924588E-4	0.9991645750670762
45	45	9.757213035315096E-5	2.3817077087036773E-4	0.5187448788772225	0.48091937822155395
46	46	1.1073406056294787E-4	2.7029866489977264E-4	9.06975707465674E-5	0.9995282697037907
47	47	2.917130864056225E-5	7.1206327473568E-5	0.31823257761544876	0.6816670447484372
48	48	7.821232870709266E-4	0.0019091405048053552	6.406040002599612E-4	0.9966681322078638
49	49	0.21301044150960513	2.6070740343971333E-4	0.786648137181854	8.071390510112566E-5
50	50	2.2450869093964467E-6	5.4801927348166725E-6	1.838855432212969E-6	0.9999904358649235
51	51	8.234809180934261E-6	2.0100932955904836E-5	6.744782810955426E-6	0.9999649194750523
52	52	9.55081009563534E-5	2.3313253432930716E-4	0.42844435058556957	0.5712270087791448
53	53	3.5335580571286046E-5	8.625313840494013E-5	0.8061482755537402	0.19373013572728337
54	54	0.2872058290579955	0.4680910716295868	0.2446547178275915	4.838148482620935E-5
55	55	0.999687522661067	1.8993948936282557E-4	6.373339017578791E-5	5.8804459394389596E-5
56	56	0.9998013560165243	1.2074583365046272E-4	4.0515752432321074E-5	3.738239739276684E-5
57	57	0.9998244379060794	1.0671549682477835E-4	3.5807932409171755E-5	3.303866468650718E-5
58	58	0.9998535155985334	8.904060854195794E-5	2.987719860009726E-5	2.75665943244453E-5
59	59	0.9999383354915446	3.748279887366446E-5	1.2577194208059141E-5	1.160451537354646E-5
60	60	0.3271263252668847	6.296780424866385E-5	2.1128579686906182E-5	0.6727895783491797
61	61	1.1524338582791773E-5	2.8130579850007345E-5	9.439096774799314E-6	0.9999509059847923
62	62	7.160600253198358E-6	1.7478819782105214E-5	5.864943855130832E-6	0.9999694956361096
63	63	0.8640705605192277	2.6862116712867498E-5	9.013469348327142E-6	0.13589356389471105
64	64	0.7987394341834397	2.9966317021670062E-5	1.0055070597906139E-5	0.20122054442894063
65	65	0.99986214722319	8.37938716578337E-5	2.8116678288563584E-5	2.5942226863573754E-5
66	66	0.8147213000140006	2.2031604970203748E-4	7.39261161791688E-5	0.18498445782011821
67	67	0.3155493397785995	1.6755889288101595E-4	5.6223675936126454E-5	0.6842268776525833
68	68	0.8128506537931411	2.2254044670936182E-4	7.467250316193491E-5	0.18685213325698757
69	69	0.8344422897787117	0.1654864485024105	3.70640659172565E-5	3.419765296041454E-5
70	70	0.9998836075368606	7.074921045432776E-5	2.3739597540463383E-5	2.1903655144609946E-5
71	71	0.9997363666652518	1.6024963970841786E-4	5.377108703054638E-5	4.9612608009061764E-5
72	72	0.9999219418977752	4.744765213327839E-5	1.5920858461184934E-5	1.4689591630420425E-5
73	73	0.9513195480314083	0.048644088046635364	1.8913307476009223E-5	1.745061448040003E-5
74	74	0.9998662159978547	8.132066516940307E-5	2.728680433954322E-5	2.51765326363715E-5
75	75	0.9560233895215686	6.66824909040935E-5	0.04388928337148749	2.0644616039775304E-5
76	76	0.9998535155985334	8.904060854195794E-5	2.987719860009726E-5	2.75665943244453E-5
77	77	0.9998791464992619	7.346085414159635E-5	2.4649478080408785E-5	2.274316851613135E-5
78	78	0.8808823888330446	0.11908536971526096	1.6769161756023088E-5	1.547228993844779E-5
79	79	0.9999478660494266	3.168964502884316E-5	1.0633326002564092E-5	9.810979541813726E-6
80	80	7.104263942432374E-6	0.9999817081406562	5.818801173237632E-6	5.368794228141791E-6
81	81	0.9994382003229892	3.41490183384149E-4	1.1458558287080977E-4	1.0572391075579082E-4
82	82	0.9998061350618513	1.178408888242037E-4	3.9541010514923154E-5	3.648303880940043E-5
83	83	0.9994293593897755	3.468641485678517E-4	1.1638879409872755E-4	1.0738766755798087E-4
84	84	0.6182366847250553	6.9521875849157E-5	0.22869728059244754	0.15299651280664794
85	85	0.958879147578245	7.856693397915467E-5	0.04101796149862319	2.4323989152637576E-5
86	86	0.35441852783510447	0.6455574740998297	1.2481678515400644E-5	1.1516386550413536E-5
87	87	0.999848938824689	9.182260255761664E-5	3.081068489439802E-5	2.842788785891794E-5
88	88	0.8609252873958344	2.546826411602735E-4	0.13874118129872393	7.884866428148014E-5
89	89	0.680292405493601	8.23844937519982E-5	0.3195997041231986	2.550588944836286E-5
90	90	0.999936388345995	3.866637216151724E-5	1.2974337205596994E-5	1.1970944637831115E-5
91	91	0.9997676218005409	1.4125119183042398E-4	4.73962384121551E-5	4.3730769216372174E-5
92	92	0.7690063791075845	2.2675469528676788E-5	7.608657640064157E-6	0.23096333676524672
93	93	0.9989757113039002	9.971278359197713E-4	1.4126685798948334E-5	1.303417438096902E-5
94	94	0.9999384401770576	3.7419165738109125E-5	1.2555842379273765E-5	1.1584814824974628E-5
95	95	1.1300787740350653E-5	2.7584898657230125E-5	9.255995764643254E-6	0.9999518583178377
96	96	0.9098423965529124	2.9643901509182264E-5	0.09011878191954362	9.177626034668944E-6
97	97	0.998355135196856	9.998318017135626E-4	3.354893210597581E-4	3.0954368037061647E-4
98	98	1.4437283823552058E-4	0.9996282728694386	1.1824966630123073E-4	1.0910462602462488E-4
99	99	3.005409773838974E-4	0.9992261755292449	2.461603631253392E-4	2.271231302459622E-4
100	100	1.611168576825438E-4	0.9995851608382617	1.319639822096138E-4	1.2175832184610835E-4
101	101	1.0808318560031077E-4	0.9997217104481968	8.852635153685182E-5	8.168001466615696E-5
102	102	1.3173539790720508E-4	0.9996608113959946	1.0789887511371386E-4	9.955433098450047E-5
103	103	1.1952884249273009E-4	0.9996922404921718	9.790100347739926E-5	9.032966185821681E-5
104	104	1.1210886545453417E-4	0.9997113452407307	9.182361510259907E-5	8.472227871220553E-5
105	105	1.2709978464642372E-4	0.9996727470428718	1.0410204097310688E-4	9.605113150879809E-5
106	106	1.0028110405055287E-4	0.9997417990287244	8.213599756868502E-5	7.578386965644746E-5
107	107	2.2549071126296786E-4	0.9994194128473856	1.8468987440265497E-4	1.7040656694882264E-4
108	108	1.0084105032199727E-4	0.9997403572947854	8.259462580204358E-5	7.620702909063523E-5
109	109	1.5556543899229367E-4	0.999599454475247	1.2741705069781794E-4	1.1756303506288547E-4
110	110	3.755346980639723E-4	0.9990330838027177	3.075845378765476E-4	2.8379696134185644E-4
111	111	1.7349967683537608E-4	0.9995532779031597	1.4210622399544193E-4	1.311161960093658E-4
112	112	9.209867304101841E-5	0.9997628669223626	7.543411549560517E-5	6.960028910086408E-5
113	113	9.810215274161923E-5	0.9997474093313796	8.03513110007885E-5	7.413720487799899E-5
114	114	1.542368484654977E-4	0.9996028752928346	1.26328858567188E-4	1.1655900013264837E-4
115	115	1.203252205220408E-4	0.9996901900003805	9.855328293222301E-5	9.093149616530737E-5
116	116	1.670791479621615E-4	0.9995698093006435	1.368474412076679E-4	1.2626411018661836E-4
117	117	0.2845560293880245	0.7152253546267413	1.1370476905272964E-4	1.0491121618146411E-4
118	118	0.12520993203063374	0.8739038303727357	4.609426942992195E-4	4.252949023313727E-4
119	119	1.3173539790720508E-4	0.9996608113959946	1.0789887511371386E-4	9.955433098450047E-5
120	120	1.4671863650917127E-4	0.9996222329739028	1.2017101013889001E-4	1.1087737944904916E-4
121	121	1.479203560294512E-4	0.9996191388202208	1.2115528761100676E-4	1.1178553613869423E-4
122	122	0.0011223759119331994	0.9971101380131246	9.192904889362121E-4	8.481955860059461E-4
123	123	7.197793155910496E-4	0.9981467324263196	5.895406983709837E-4	5.43947559718339E-4
124	124	2.050126347853745E-4	0.9994721392237695	1.6791715081031152E-4	1.5493099063476086E-4
125	125	4.191097293435134E-4	0.9989208880355662	3.432749971820964E-4	3.1672723790821374E-4
126	126	2.2549071126296786E-4	0.9994194128473856	1.8468987440265497E-4	1.7040656694882264E-4
127	127	3.678848663207174E-4	0.999052780374718	3.013188852651834E-4	2.7801587369614863E-4
128	128	1.3468270550834327E-4	0.9996532227511301	1.1031288972048583E-4	1.0178165364111498E-4
129	129	2.050126347853745E-4	0.9994721392237695	1.6791715081031152E-4	1.5493099063476086E-4
130	130	2.6139137566437415E-4	0.9993269768246108	2.1409458540884403E-4	1.9753721431589296E-4
131	131	2.6918356839925446E-4	0.9993069137055262	2.2047683986831045E-4	2.0342588620626622E-4
132	132	2.652302527187871E-4	0.9993170925917492	2.1723884672699619E-4	2.0043830880496141E-4
133	133	3.534835873897714E-4	0.9990898603833875	2.8952340871496674E-4	2.6713262050780345E-4
134	134	1.982606974728408E-4	0.9994895239223984	1.6238692543099568E-4	1.4982845469774518E-4
135	135	0.002232185624651026	0.9942526311231877	0.0018282885372578775	0.0016868947149033355
136	136	1.2891432181472506E-4	0.9996680750235147	1.0558825137989253E-4	9.742240329076816E-5
137	137	4.3950903748162906E-4	0.9988683644696913	3.5998320496958224E-4	3.321432878575775E-4
138	138	1.1141722215505159E-4	0.99971312606448	9.125711942125854E-5	8.419959394369402E-5
139	139	0.004414941258169429	0.010776744947556096	0.0036160910660106775	0.9811922227282638
140	140	9.982919143444713E-4	0.5552105930800713	0.44303669147752234	7.544235280619623E-4
141	141	5.457650175750109E-4	0.9985947795553277	4.470129700009749E-4	4.12442457096436E-4
142	142	3.219735218685786E-4	0.9991709916154333	2.6371485096581085E-4	2.4332001173237155E-4
143	143	2.7325651733206E-4	0.9992964267909636	2.2381281953077657E-4	2.0650387217344804E-4
144	144	4.005200503477132E-4	0.9989687522191317	3.2804897984555056E-4	3.026787506751381E-4
145	145	1.0555626251955222E-4	0.9997282166988006	8.645665605451239E-5	7.977038262533363E-5
146	146	2.0977535396519438E-4	0.9994598763081406	1.7181809201631193E-4	1.5853024587782024E-4
147	147	3.0562708355340995E-4	0.9992130799658742	2.5032617689382905E-4	2.3096677367867596E-4
148	148	9.025753345744837E-5	0.9997676074368715	7.39261161791688E-5	6.820891349185343E-5
149	149	1.8794435367307336E-4	0.9995160861547784	1.5393724592977818E-4	1.420322456187291E-4
150	150	1.718487232263273E-4	0.9995575287321612	1.407539979414639E-4	1.2986854667102266E-4
151	151	1.307814197625503E-4	0.9996632676721382	1.0711751209112046E-4	9.883339600822446E-5
152	152	1.2277932502598697E-4	0.9996838712410038	1.0056333580786553E-4	9.278609816247526E-5
153	153	0.001056703726867602	0.9972792289114576	8.655011885096935E-4	7.98566173165054E-4
154	154	0.0011223759119331994	0.9971101380131246	9.192904889362121E-4	8.481955860059461E-4
155	155	6.970412538728384E-5	0.9998205277749249	5.709169167554351E-5	5.2676408012058244E-5
156	156	3.278179603535681E-4	0.9991559435193071	2.6850178255913916E-4	2.477367377801651E-4
157	157	1.128091494034252E-4	0.9997095421692799	9.239718797326178E-5	8.525149334349346E-5
158	158	5.003987494555072E-4	0.9987115873488049	4.0985538459898887E-4	3.7815851714066164E-4
159	159	2.774546133679324E-4	0.8917431790003814	2.27251301875583E-4	0.1077521150843752
160	160	6.666406051571813E-4	0.9982835524860534	5.460170352409985E-4	5.037898735484511E-4
161	161	4.741246043209699E-4	0.9987792372800398	3.8833534708721863E-4	3.583027685521081E-4
162	162	2.1734932975423697E-4	0.9994403750479215	1.7802161423402182E-4	1.6425400809017622E-4
163	163	7.75729372355784E-6	1.8935331424256146E-5	0.9999674450766456	5.862298206614572E-6
164	164	1.7515126961462296E-5	4.2753922408020085E-5	0.9999264945177926	1.3236432837780164E-5
165	165	3.576110600282219E-6	8.72918337750944E-6	0.9999849921879139	2.702518108219149E-6
166	166	2.08519557023213E-5	5.089902563161822E-5	0.9999124908964557	1.5758122210442714E-5
167	167	2.5796208249022893E-5	6.296780424866385E-5	0.999891741422678	1.9494564824386254E-5
168	168	3.399091768544E-6	8.297085487865465E-6	0.9999857350803072	2.5687424363395987E-6
169	169	1.0918194356368562E-5	2.6650999183444836E-5	0.9999541797702771	8.251036182945113E-6
