0	0	1.3938947089128882E-4	1.0971554386351743E-4	6.022683790004579E-5	1.0134429174815749E-4	1.686333480793879E-5	8.829809489113382E-5	1.6434687505169988E-4	0.9990461681588029	7.407182796614563E-5	7.891424755920569E-5	6.528457006558009E-5	4.2748445851093185E-5	1.2628300601252889E-5
1	1	2.9306762098725334E-5	2.3067792150872693E-5	1.2662747042577692E-5	2.130772883587063E-5	3.545531367952857E-6	1.8564754168292456E-5	3.455407885553652E-5	7.001062494661682E-5	1.5573668703531934E-5	1.6591791794814052E-5	0.9997431715090981	8.987899334414687E-6	2.6551116025165835E-6
2	2	9.269299478901174E-5	7.296004691449173E-5	4.005041367853048E-5	6.739322451574872E-5	1.121399626157357E-5	5.87175975150002E-5	0.8875844987632888	0.11189049941709756	4.925723241343906E-5	5.247740658610519E-5	4.341376916202839E-5	2.842740877898955E-5	8.397728998763007E-6
3	3	5.8816199628427064E-5	0.21634669489387656	2.5413065264310353E-5	4.276281455512505E-5	7.115582404629931E-6	3.7257895755821276E-5	0.734744842928638	0.048621629507940384	3.125503951368824E-5	3.329832668343548E-5	2.7547204828891863E-5	1.803795587217509E-5	5.328585038609927E-6
4	4	9.215139163947421E-5	0.03513040305251295	3.981639998377451E-5	6.699944737284486E-5	1.114847312567754E-5	5.8374511871691464E-5	0.964200056925797	2.201395192224471E-4	4.8969423477355536E-5	5.217078224247177E-5	4.316010345444207E-5	2.8261308048692324E-5	8.348661251140378E-6
5	5	5.036412812554315E-5	0.14054936151850264	2.1761128449650998E-5	3.6617664603787604E-5	6.093050999191636E-6	3.190381982156122E-5	0.8590847102102295	1.203143517896205E-4	2.676359276153398E-5	2.851325318612032E-5	2.358858549630494E-5	1.544584530126696E-5	4.562850733434572E-6
6	6	3.583201805979483E-5	2.820391901927693E-5	1.5482153203679637E-5	2.6051971278442086E-5	4.334956675871793E-6	0.03410233026598114	0.3362946167605188	0.6294228030559602	1.9041202039391754E-5	2.0286013897863887E-5	1.678231417809335E-5	1.0989087439460684E-5	3.246281747934308E-6
7	7	7.19672453758325E-5	5.664649859333192E-5	0.4837277840566903	5.2324393406786466E-5	8.70659560021038E-6	4.5588598770166503E-5	0.5157237757387721	1.719218181618124E-4	3.824353004993866E-5	4.074368732034173E-5	3.3706639698988603E-5	2.2071164144101634E-5	6.520033416002707E-6
8	8	2.7598460109692745E-4	2.172316202485682E-4	1.1924630839682903E-4	2.0065693450676438E-4	3.3388610347496285E-5	1.7482607789761799E-4	0.3328094527505814	0.6656274041220328	1.466587380168792E-4	1.5624650121871334E-4	1.2926038037252888E-4	8.46399136196511E-5	2.5003441663732416E-5
9	9	1.1934794100790915E-4	9.394055499992633E-5	5.156737485856104E-5	8.677292822555172E-5	1.4438711008696983E-5	7.560252401271144E-5	0.9990389187367651	2.851090785091914E-4	6.342172115242617E-5	6.75678937738777E-5	5.589790223818478E-5	3.660204003209912E-5	1.0812593415781909E-5
10	10	7.68785934434869E-5	6.051229434461929E-5	3.321739121110167E-5	5.5895230488400094E-5	9.300770370324636E-6	4.869975684364361E-5	0.9993809145337708	1.8365448744777897E-4	4.085342968455945E-5	4.352420822182775E-5	3.600692281929187E-5	2.357739338497263E-5	6.964987969306765E-6
11	11	8.338182433815426E-5	6.563108495280611E-5	3.602728087073864E-5	6.0623459420474976E-5	1.0087531086244398E-5	5.2819314045235506E-5	0.9147376262147506	0.08479010929967651	4.430925885855503E-5	4.720596100756508E-5	3.905278152211079E-5	2.557182676634805E-5	7.554162704615604E-6
12	12	8.338182433815426E-5	6.563108495280611E-5	3.602728087073864E-5	6.0623459420474976E-5	1.0087531086244398E-5	5.2819314045235506E-5	0.9993285455250507	1.9918998937644856E-4	4.430925885855503E-5	4.720596100756508E-5	3.905278152211079E-5	2.557182676634805E-5	7.554162704615604E-6
13	13	1.55926756619495E-4	1.2273228957676856E-4	6.737220132305639E-5	1.1336786496961742E-4	1.8864015234273035E-5	9.87738561888417E-5	0.7318024387366673	0.2475409356244359	0.019856335275744097	8.827670120486725E-5	7.302998714704393E-5	4.782015793204104E-5	1.4126532956747456E-5
14	14	9.269299478901174E-5	0.5995595252521259	4.005041367853048E-5	6.739322451574872E-5	1.121399626157357E-5	5.87175975150002E-5	0.3997669996257148	2.2143334946013918E-4	4.925723241343906E-5	5.247740658610519E-5	4.341376916202839E-5	2.842740877898955E-5	8.397728998763007E-6
15	15	1.9926951656697669E-4	1.568480262229934E-4	8.609956545469479E-5	1.448805845545402E-4	2.4107621281565817E-5	1.2622989792725358E-4	0.7583314398562369	4.7603291488386684E-4	1.0589219727763922E-4	1.1281486227631839E-4	9.333003872578785E-5	0.24012500165144177	1.8053267149831687E-5
16	16	7.504941895079301E-5	5.907252365746528E-5	3.242704890649322E-5	5.4565313728830536E-5	9.079476884559877E-6	4.7541042186822135E-5	0.9422923783036175	1.7928479116613205E-4	3.988140290609098E-5	4.248863553601127E-5	0.05713841635682645	2.3016415814334524E-5	6.799269818587201E-6
17	17	7.399310693124521E-5	5.824108461853928E-5	3.197064188832761E-5	5.379731315603528E-5	8.951684282052785E-6	4.687190743553652E-5	0.9994041506868104	1.7676137816069533E-4	3.9320076704834795E-5	4.189061283259366E-5	3.465547392449948E-5	2.2692462384561374E-5	6.7035708706948635E-6
18	18	1.175685618410944E-4	9.25399789608742E-5	5.0798547916631896E-5	8.547921557811001E-5	1.4223441760249442E-5	7.447535286044232E-5	0.9990532476641264	2.8085833777345145E-4	6.247615570413173E-5	6.656051231834992E-5	5.506451071193564E-5	3.605633386451873E-5	1.0651386583885197E-5
19	19	0.06600177574456273	1.3619780986095576E-4	7.476391337075274E-5	1.2580597144174122E-4	2.0933672540058364E-5	1.0961078727392752E-4	0.9327778542568314	4.1335961943654267E-4	9.195069710392353E-5	9.796194145251822E-5	8.104244072933733E-5	5.306672596110206E-5	1.5676419435116617E-5
20	20	1.967831726868631E-4	1.5489098765118377E-4	8.502527606343826E-5	1.4307286724302964E-4	2.380682345924877E-5	1.24654890672728E-4	0.9984153507920449	4.7009331335802924E-4	1.0457094944611478E-4	1.1140723833443814E-4	9.216553261058065E-5	6.035014515961125E-5	1.782801126991915E-5
21	21	6.254840515700808E-5	4.923278814185998E-5	2.7025661509508893E-5	4.54763460976014E-5	7.567104538963789E-6	3.962211046880256E-5	0.9994963122133993	1.4942124686803215E-4	3.323834057710183E-5	3.541128535341982E-5	2.9295223755800783E-5	1.9182561593995554E-5	5.666712538622731E-6
22	22	4.272380627973104E-5	3.362854892788891E-5	1.845992913832868E-5	3.1062704094642055E-5	5.1687250475792436E-6	2.7063957391303004E-5	0.9996559551060308	1.0206246489004863E-4	2.270351130953999E-5	2.418774534311649E-5	2.001015791725546E-5	1.3102684927515696E-5	3.870658702413208E-6
23	23	1.6575969226246707E-4	1.3047194074945314E-4	7.162077632132673E-5	1.2051698385334867E-4	2.0053603549890322E-5	1.0500265868669107E-4	0.6202976963761843	3.959816375197227E-4	8.808501338356129E-5	9.384354002419538E-5	0.37844511465102926	5.083575670146822E-5	1.501736973443398E-5
24	24	7.067719536201746E-5	5.563108087223847E-5	3.053791625063206E-5	5.138645165168969E-5	8.550525380825477E-6	4.477139961010235E-5	0.07626677512112785	1.6884003084681213E-4	3.755799503728655E-5	4.001333569835047E-5	0.9231971802625736	2.1675527136455737E-5	6.403158452198502E-6
25	25	1.6752036611408682E-4	1.3185779355427075E-4	7.238152114644379E-5	1.2179709664343929E-4	2.0266609829759216E-5	1.0611798071086251E-4	0.6906174760816837	0.11724048887553028	8.902063879204988E-5	9.484033161332556E-5	0.19127168009620715	5.1375726258179594E-5	1.5176881916500879E-5
26	26	1.0941232511593952E-4	8.61200826626963E-5	4.727443419427324E-5	7.954915479980491E-5	1.3236700439046186E-5	6.930867735972282E-5	0.2776262039270593	2.6137398708274596E-4	5.814191611132912E-5	6.194292334290757E-5	0.7215439684668127	3.35549509281712E-5	9.91245409148364E-6
27	27	1.7837904806917255E-5	1.4040482503896842E-5	7.707329645583677E-6	1.296919930442939E-5	2.1580292909339496E-6	1.1299655571033705E-5	0.2940902446127441	4.2612788784498795E-5	9.47909628816183E-6	1.009878886023224E-5	0.7057744654569068	5.4705904460328395E-6	1.6160648473511269E-6
28	28	2.947105437107203E-5	0.1887568808361347	1.2733733782046496E-5	2.142717891968404E-5	3.565407443076925E-6	1.8668827270520257E-5	0.568104449302474	0.24299494651216155	1.566097392720211E-5	1.668480456664775E-5	1.380308786375495E-5	9.038285057692475E-6	2.669996028064587E-6
29	29	6.271994463811853E-4	4.936780944112853E-4	2.7099779593581073E-4	4.560106532573839E-4	7.587857381228335E-5	3.973077441080489E-4	7.394982446507437E-4	0.0014983103578415685	0.15940686460391493	3.55084010752313E-4	2.937556613174898E-4	0.8353285922782046	5.682253541243619E-5
30	30	0.37281986079524326	1.6519704630398052E-4	9.068264512905113E-5	1.5259257774259143E-4	2.5390869907840968E-5	1.3294911510833084E-4	2.474546210298461E-4	5.013721458661282E-4	1.115288386991508E-4	1.1881999714004739E-4	9.829799647600579E-5	0.6255168391088344	1.901424251937238E-5
31	31	0.28590118965735317	1.9825789465773903E-5	1.0883094284989855E-5	1.831308965898538E-5	3.0472339088884757E-6	1.5955619212152922E-5	2.9697765962734314E-5	6.017116425710349E-5	1.3384908053034249E-5	0.17569224983636522	1.1797035277825773E-5	0.5382212028503329	2.2819558670956686E-6
32	32	0.4139678464581176	0.4353501986203152	4.862372906880262E-5	8.181962653942276E-5	1.3614498975665149E-5	7.128686799734262E-5	1.326843348322648E-4	2.6883405693057887E-4	5.980138789013334E-5	6.371088250316923E-5	0.14989687149619385	3.451266780144794E-5	1.019537283451255E-5
33	33	0.8814029407969073	2.5326822994461007E-5	1.3902810935413552E-5	2.3394396529606845E-5	3.892745555801015E-6	0.05102563534963782	0.06736487132545474	7.686677139092738E-5	1.7098799401736777E-5	1.8216627373777877E-5	1.5070341832122471E-5	9.868085079227786E-6	2.915126907146734E-6
34	34	0.8388826858424313	9.465686234525583E-5	5.1960581917967654E-5	8.743458160692422E-5	1.454880781143173E-5	7.617900179992268E-5	0.16026916252366025	2.872830674446029E-4	6.390531894163401E-5	6.808310659776094E-5	5.632413005812637E-5	3.688113472266229E-5	1.0895040662189937E-5
35	35	5.052547631844792E-5	3.976936046744276E-5	0.5510467410816885	3.6734974169784395E-5	6.11257089965622E-6	3.200602795791845E-5	5.9571961141252344E-5	1.206997948413373E-4	2.684933349583099E-5	0.30757739170908754	0.14098352491337468	1.5495328124061664E-5	4.577468433526565E-6
36	36	0.8386399065218207	9.051570737382015E-5	4.96873518869168E-5	8.360939510352794E-5	1.3912310189346834E-5	7.284623707260581E-5	1.3558674665539348E-4	2.747146844084296E-4	6.110951710878788E-5	0.1604785655202882	5.385999861088651E-5	3.5267617322815824E-5	1.0418392158485514E-5
37	37	0.8574244350647505	1.0332322636530373E-4	5.671786318038841E-5	0.14159042839946853	1.5880832362295192E-5	8.315361456359098E-5	1.5477159184044788E-4	3.135854355728624E-4	6.975620754118857E-5	7.4316494973131E-5	6.148091850539006E-5	4.025780843717021E-5	1.1892542439159561E-5
38	38	4.0288834253991495E-4	3.1711945913412865E-4	1.7407836289796844E-4	2.9292337123613016E-4	4.874142190958492E-5	2.5521492314054163E-4	4.7502468922372453E-4	9.624558506295338E-4	2.1409562578407894E-4	2.280920517067539E-4	1.8869712367059635E-4	0.9964041682084224	3.6500569704455E-5
39	39	0.874612602946613	4.30817992433975E-5	2.364916080352402E-5	3.9794675191964654E-5	6.621694421654255E-6	3.467184925416213E-5	6.453378279804003E-5	1.3075302868726583E-4	2.9085647390114993E-5	0.12496782556009402	2.5635171118101494E-5	1.6785952995092796E-5	4.958731389649158E-6
40	40	0.6962219543977103	8.001407048559416E-5	4.3922622840510094E-5	7.390902890967743E-5	1.2298203266649967E-5	6.43946130108201E-5	0.08391211424246171	2.4284227300908678E-4	5.4019587883123596E-5	0.21920653428515877	4.761115888325842E-5	3.117586660039655E-5	9.209649780152178E-6
41	41	0.7950010457445891	0.19917075054922523	3.3825760099311417E-4	5.691893879265401E-4	9.471111842769875E-5	4.959168170128117E-4	9.230366664436956E-4	0.0018701807719007021	4.1601650863001783E-4	4.432134409555867E-4	3.666638133800016E-4	2.4009207927822878E-4	7.092550123732224E-5
42	42	7.410820493270197E-6	5.833167998235468E-6	3.20203729665219E-6	5.388099612982576E-6	0.9999324812308319	4.694481777940557E-6	8.73771298398816E-6	1.7703633460197494E-5	3.938124000008686E-6	4.195577465667155E-6	3.470938132146759E-6	2.272776103840791E-6	6.713998431339907E-7
43	43	8.501383949356894E-6	0.9999282083558115	3.6732435367610475E-6	6.181002981915848E-6	1.0284972240166648E-6	5.38531355249724E-6	1.0023539631491644E-5	2.0308869372898093E-5	4.51765147930029E-6	4.812991349243543E-6	3.981715351578063E-6	2.607233882836613E-6	7.70201876459341E-7
44	44	1.7115635893726514E-4	1.3471973805788382E-4	7.395254619566059E-5	1.244406759260795E-4	2.0706492153326818E-5	1.0842124821931637E-4	2.018015604529032E-4	4.08873679474355E-4	9.095281224218553E-5	9.689882022037085E-5	8.016293652426639E-5	0.46670527765760134	0.5317826354739951
45	45	0.8318629940374376	6.704901950244767E-5	3.680563652816827E-5	6.19332061310908E-5	1.0305468346584595E-5	5.396045517259859E-5	1.0043514749574047E-4	2.0349341309834344E-4	4.526654349052074E-5	0.16748401890699552	3.9896501966769344E-5	2.6124296327007107E-5	7.717367507647438E-6
46	46	0.07365060086363019	7.609050421974663E-5	4.1768835134939025E-5	7.02848291806589E-5	1.1695149139110596E-5	6.123696174050948E-5	1.1397871394758477E-4	2.3093427052255243E-4	5.137068586592939E-5	5.472902631163575E-5	4.527650029460566E-5	2.9647128245260605E-5	0.9255623865317673
47	47	2.8615496653050652E-5	2.2523686747205548E-5	1.2364067869205826E-5	2.080513845688489E-5	3.4619020910997825E-6	1.8126862973736242E-5	3.3739043723389E-5	6.835926797675931E-5	1.5206328940753941E-5	1.6200437324779215E-5	0.9997492293827256	8.77589965262952E-6	2.592484864733447E-6
48	48	0.9943908781412316	5.363365816994255E-4	2.9441458546710964E-4	4.954143150269711E-4	8.243520497144686E-5	4.3163891566169884E-4	8.03397933184938E-4	0.001627778637024369	3.6209482824977007E-4	3.8576664976420333E-4	3.191389470779708E-4	2.089727172045872E-4	6.173254343590723E-5
49	49	9.72663163496893E-5	7.655977693056891E-5	4.202643593142021E-5	0.1419185409597205	1.1767276593071623E-5	6.161462824874418E-5	1.1468165448686349E-4	2.323585106726362E-4	0.3700894857558176	0.4872715009211813	4.5555733902631626E-5	2.982997087959997E-5	8.812059285298562E-6
50	50	1.977804996826288E-6	1.5567599869291117E-6	8.545619707148317E-7	1.437979822562434E-6	2.392748005500922E-7	1.2528666058437572E-6	2.3319270000210002E-6	4.724758176420056E-6	1.0510093089438332E-6	1.1197186713271168E-6	9.263264152287533E-7	6.065600885793589E-7	0.999981920452156
51	51	7.3418231171061515E-6	5.778859128257062E-6	3.1722251898754785E-6	5.337934488062345E-6	8.882135826527714E-7	4.650774481910116E-6	8.656361766519437E-6	1.7538806332292714E-5	3.901458664064305E-6	4.156515146334645E-6	3.4386224628948407E-6	0.9999344732567683	6.651488716558304E-7
52	52	0.42831543696022645	6.815333967792873E-5	0.3568947874263486	6.295326711886249E-5	1.0475202918355615E-5	5.484920223806562E-5	1.0208934856430214E-4	2.068450188836271E-4	4.601209887107403E-5	0.2141634454766592	4.055361093540109E-5	2.6554572380530996E-5	7.844475177581163E-6
53	53	0.6664872676294278	2.7394795088593175E-5	1.5037995757083392E-5	2.5304583180055262E-5	4.210593916833667E-6	2.2047087687637134E-5	4.103565280679459E-5	8.314305555958284E-5	1.8494941350282344E-5	0.33324593582805007	1.6300857257001374E-5	1.0673828640938157E-5	3.1531512774418826E-6
54	54	5.589775326149169E-5	0.8045931448663429	2.415207478104438E-5	4.064093348210827E-5	6.762508833936583E-6	3.5409167493961943E-5	6.590613345610487E-5	1.335335724146419E-4	0.19496451950127452	3.1646071332898845E-5	2.6180318828776216E-5	1.714291662933617E-5	5.064181868308507E-6
55	55	7.613632718954654E-5	5.992804543957741E-5	3.2896675815104465E-5	0.004882877895040164	9.210971016924458E-6	4.8229558515851496E-5	8.976838330403429E-5	1.818812951674414E-4	0.9945100601007953	4.310398004717619E-5	3.565927437100643E-5	2.3349752598615023E-5	6.897740699330144E-6
56	56	4.3191825683925705E-5	3.399693402284307E-5	1.866214906649307E-5	3.140298155418916E-5	5.225346023748254E-6	0.22459531496080415	5.092523512387161E-5	1.0318051166930156E-4	0.15064779976855663	2.4452710830746E-5	2.022935987985583E-5	0.624421705156818	3.9130599661930165E-6
57	57	3.951266178631929E-5	3.110100891883198E-5	1.707247083432833E-5	2.8728014377370534E-5	4.780240864643332E-6	0.298161851719308	4.65873243368637E-5	9.439139457459328E-5	2.0997103063855944E-5	2.2369781261029488E-5	0.7015169106627738	1.2117880009189349E-5	3.579737891267523E-6
58	58	3.185185343324686E-5	2.507107172546218E-5	1.3762419795942154E-5	2.315815898014329E-5	3.853436455879426E-6	2.017697577100914E-5	3.7554863670022205E-5	7.609056766686093E-5	0.9997228756898369	1.8032675143814356E-5	1.4918160919078054E-5	9.768436762415494E-6	2.885689839340857E-6
59	59	1.3570851224490882E-5	1.0681820608581922E-5	5.8636384200101704E-6	9.866801968408906E-6	1.6418012520170766E-6	8.596634319016147E-6	1.6000684816976346E-5	3.24192680202461E-5	0.9998819279765997	7.683030190665222E-6	6.356055317161027E-6	4.161955670065218E-6	1.229481592705163E-6
60	60	0.8475730110589594	1.817157402002452E-5	9.975035481336343E-6	0.1522537318515214	2.792980154827549E-6	1.4624321318931363E-5	2.721985691176741E-5	5.515062928800896E-5	1.2268104019606556E-5	1.3070126987115791E-5	1.0812719470159247E-5	7.080186823760105E-6	2.0915550435428533E-6
61	61	0.9999135150656583	8.269571462558982E-6	4.5394674486410294E-6	7.638606467433197E-6	1.2710373332768836E-6	6.655277638858306E-6	1.2387289713287418E-5	2.5098104853201543E-5	5.583003585074499E-6	5.9479904726783216E-6	4.920683055003956E-6	3.2220715081055852E-6	9.518308035062528E-7
62	62	0.9999474417708099	5.02554618955073E-6	2.7587044192551212E-6	4.6420990252870274E-6	7.724290014237005E-7	4.044514921939704E-6	7.527947113018678E-6	1.5252505620275614E-5	3.3928774326761665E-6	3.614685596562058E-6	2.990375025964122E-6	1.9581025768183215E-6	5.784422674518657E-7
63	63	0.15177618552705335	7.753093043981254E-6	4.255953728531802E-6	7.161535145624136E-6	1.1916543380616809E-6	0.7151192197173153	1.1613638039733456E-5	2.3530595634305655E-5	0.13303498519817944	5.576507049752114E-6	4.613360406656682E-6	3.0208361231058683E-6	8.923839421574842E-7
64	64	0.2508495149769478	8.578149161763648E-6	4.708856929977304E-6	7.923639811606152E-6	1.318465882347605E-6	0.7490676765358374	1.284951939186438E-5	2.603463650844669E-5	5.791332445733571E-6	6.169938759026692E-6	5.104297534001233E-6	3.342302576564901E-6	9.87348213411699E-7
65	65	3.1407832864278594E-5	2.4721576473780393E-5	1.3570569187280367E-5	0.8623225386657483	3.7997188582140827E-6	0.13743024104034332	3.7031342112030747E-5	7.502985146020864E-5	1.6690181674674038E-5	1.7781296407121474E-5	1.4710199071170794E-5	9.632262996004433E-6	2.8454628036672387E-6
66	66	0.28328623239296613	6.633247558908217E-5	3.641229960799393E-5	0.43287936034810204	1.0195335183222579E-5	5.338378699753383E-5	9.936181049305078E-5	2.0131870618021662E-4	0.2832467422641995	4.771044480591959E-5	3.94701333806065E-5	2.5845109462486432E-5	7.634893032168976E-6
67	67	0.6021208989427371	4.98256076246828E-5	2.735108160623077E-5	0.3733217343109833	7.658221194521238E-6	4.0099206321444166E-5	7.463557689560582E-5	1.5122045080577813E-4	0.02411594246379566	3.583767802102211E-5	2.964797199638492E-5	1.9413541732894097E-5	5.7349462853439665E-6
68	68	0.465613517096396	0.08522730070864913	3.868618723691042E-5	0.4485577139293477	1.0832016930746629E-5	5.6717515823926215E-5	1.05566790516265E-4	2.1389072498652595E-4	4.7579396587851555E-5	5.06898828359875E-5	4.193497764949583E-5	2.7459093619143168E-5	8.111679420308504E-6
69	69	4.0217983060018654E-5	3.165617787562347E-5	1.7377223192931337E-5	2.924082416480217E-5	4.865570615229949E-6	0.35193558545806786	0.11225064204272203	9.607632936860057E-5	0.5355367549407345	2.276909332703837E-5	1.883652844213637E-5	1.2334190381009877E-5	3.643638048200329E-6
70	70	0.20664280761708265	2.0684698583851116E-5	1.1354580625062664E-5	0.5065628537196364	3.1792486765110577E-6	1.6646861639070883E-5	3.098435694646036E-5	6.277794880482442E-5	0.2866110849376154	1.4877722583812993E-5	1.2308116119468695E-5	8.059375054986808E-6	2.3808166314895342E-6
71	71	5.731985223738869E-5	4.511731569241922E-5	2.4766529545464627E-5	0.5015943114201009	6.934554333551696E-6	3.631001480700089E-5	6.758285639083192E-5	1.3693081014780052E-4	0.4979486570200366	3.2451181431387944E-5	2.6846374303687553E-5	1.7579050870160148E-5	5.1930201029149594E-6
72	72	1.7481995198409058E-5	1.3760340711162847E-5	7.5535496637699166E-6	0.1651745206390033	2.114971355128188E-6	0.1208341434116201	2.0612111245964323E-5	4.1762559952250946E-5	0.7138630199865218	9.897293447595078E-6	8.187882005139292E-6	5.3614388542382015E-6	1.5838204210370251E-6
73	73	2.2720456715532105E-5	1.7883612366362023E-5	9.816962894482702E-6	1.65190998954726E-5	2.748720302425969E-6	0.9998046415000345	2.678850875226667E-5	5.427666721995687E-5	1.2073693589508623E-5	1.286300704381087E-5	1.0641372256330408E-5	6.967988381084602E-6	2.0584105482778296E-6
74	74	2.9975172414550946E-5	2.3593907938929504E-5	0.05323016009173704	2.1793702199722048E-5	3.6263956317510765E-6	0.9465250543551642	3.5342166692844784E-5	7.16073835299798E-5	1.5928863207163023E-5	1.6970207013674644E-5	1.403919701547481E-5	9.192889725795596E-6	2.7156677287379634E-6
75	75	2.5890862654354496E-5	2.0379086447882214E-5	1.1186819048852622E-5	1.8824170302653457E-5	3.1322759360156557E-6	0.9997773812316233	3.052656949214264E-5	6.185041761802882E-5	1.3758453290379075E-5	1.4657907315112794E-5	1.2126266253889278E-5	7.940299458349787E-6	2.345640559034321E-6
76	76	3.250839558427887E-5	2.5587845902946357E-5	1.4046095868832845E-5	2.363550349457253E-5	3.932864909388744E-6	0.9997204813495985	3.832895837152218E-5	7.765897451244507E-5	1.7275022781685575E-5	1.8404371294953352E-5	1.5225659554276148E-5	9.969787383899962E-6	2.9451707426516357E-6
77	77	2.690680450105951E-5	2.1178749518071204E-5	1.16257830862805E-5	1.9562819400417337E-5	3.255184555991291E-6	0.9997686458053195	3.172441368132419E-5	6.427739072947778E-5	1.4298326705577218E-5	1.5233074764160386E-5	1.2602093633458685E-5	8.251872023652085E-6	2.4376820809049994E-6
78	78	1.7878346894599238E-5	1.407231507788276E-5	7.724803698993793E-6	0.13717856436004686	2.16292197372091E-6	1.1325274143748744E-5	2.1079428915468212E-5	4.270940047511216E-5	9.50058728990118E-6	1.0121684828620241E-5	0.8626777581545008	5.4829933655957295E-6	1.619728788658348E-6
79	79	1.191055200811496E-5	9.374974185132012E-6	5.146263060660163E-6	0.9998987036446574	1.4409382930856832E-6	7.544895928606643E-6	1.4043112368229634E-5	2.8452996163079314E-5	6.329289821431249E-6	6.743064908168172E-6	5.578436176861273E-6	3.6527693542407407E-6	1.0790630750197638E-6
80	80	6.353900038257266E-6	5.00125005062622E-6	2.745367388155647E-6	4.6196566720450625E-6	7.686946725328562E-7	4.02496160520171E-6	0.9999488335180007	1.5178766969486252E-5	3.3764744749977486E-6	3.5972103013185077E-6	2.975917977053045E-6	1.9486360769712527E-6	5.756457726710514E-7
81	81	1.2212034540394622E-4	9.612275609571817E-5	5.276526411867397E-5	0.7047198528057039	1.4774116425292881E-5	0.29431890202295863	1.4398574741004391E-4	2.917320470827052E-4	6.489498208212727E-5	6.913746861654088E-5	5.719638789772476E-5	3.7452290617337046E-5	1.106376558737797E-5
82	82	4.295654123032102E-5	3.381173809932886E-5	1.856048831294374E-5	0.4603390798659362	5.196881316257304E-6	0.5393227965585169	5.06478234624963E-5	1.0261844303880608E-4	2.282718710163231E-5	2.4319506396437802E-5	2.0119161854865283E-5	1.3174060888478426E-5	3.891743845341686E-6
83	83	1.2404129819402107E-4	9.763476685773315E-5	5.3595261618210424E-5	0.7315350926964133	1.5006513247248971E-5	0.26748854174761777	1.4625064293014289E-4	2.963209916025072E-4	6.59157800210798E-5	7.022500086023338E-5	5.8096086965483765E-5	3.8041415074184046E-5	1.1237798598040591E-5
84	84	0.278232067024703	2.2281125160035374E-5	1.2230917024058045E-5	2.058108422180176E-5	3.4246202519732867E-6	0.7215528438886942	3.337570196291258E-5	6.762309486600997E-5	1.5042569280788033E-5	1.6025971934878652E-5	1.3258045536918462E-5	8.681390428962925E-6	2.564565934295364E-6
85	85	3.291547513255809E-5	2.59082643230005E-5	1.4221985150927601E-5	0.2901236436347104	3.982113383267024E-6	2.0850740935146234E-5	3.880892469343558E-5	7.863144269170035E-5	1.7491345622111533E-5	1.8634836164672605E-5	0.7096118345542187	1.0094631950103055E-5	2.982051024005896E-6
86	86	1.3832711400523855E-5	1.0887934681947341E-5	5.9767819040450246E-6	0.9998823561453386	1.673481089762883E-6	8.762513093960355E-6	1.6309430530381568E-5	3.3044823122885604E-5	7.350728951141876E-6	7.831280260238123E-6	6.478700369906386E-6	4.242263856071848E-6	1.2532054005171636E-6
87	87	3.472742020552628E-5	2.7334473475387416E-5	0.3941617297960126	2.5248864081811094E-5	4.2013224542512175E-6	2.1998541389279864E-5	4.0945294884121606E-5	8.29599797883646E-5	0.6055511321555824	1.9660654550649638E-5	1.6264963796101256E-5	1.0650325542607944E-5	3.146208236943788E-6
88	88	9.108695346929659E-5	7.169590769555993E-5	3.9356481851364724E-5	6.622553861362095E-5	1.1019697421664327E-5	5.770022950333818E-5	1.0739588912231127E-4	2.175966937386858E-4	4.840377902431441E-5	5.156815898308386E-5	0.9992017635820174	2.7934862462890775E-5	8.252226096472677E-6
89	89	3.043797935596323E-5	2.395819022622265E-5	0.01931274615549005	0.16020876567431871	3.682386004299088E-6	0.4921589445739084	3.588783828544782E-5	7.271297831007717E-5	1.6174799689500093E-5	0.3281103410450268	1.4255957664613305E-5	9.334824961993624E-6	2.757596757804003E-6
90	90	1.4493745176052094E-5	1.140824428446243E-5	6.2623986998519635E-6	0.19667539628557856	1.7534529398948229E-6	9.181253639172401E-6	1.708882107270181E-5	3.462395996439859E-5	7.702003547333771E-6	8.20551930909509E-6	0.8032081262305713	4.444991984518159E-6	1.3130932325863607E-6
91	91	5.168452411988501E-5	4.068166438168648E-5	2.233163980181129E-5	3.757766966025305E-5	6.2527924745647195E-6	3.2740242042384475E-5	6.093853411827648E-5	1.2346863230786663E-4	0.9995503232449926	2.9260784945208076E-5	2.420700727705875E-5	1.5850788919355193E-5	4.68247495915707E-6
92	92	8.348379832248465E-6	6.571135020583562E-6	0.9999265364289252	6.069760046680093E-6	1.0099867896395604E-6	5.288391080772594E-6	9.843140435225049E-6	1.9943359398712568E-5	4.436344802633109E-6	4.726369277304631E-6	3.910054214335654E-6	2.56031005011538E-6	7.563401265601578E-7
93	93	1.526532663213447E-5	1.2015567624939884E-5	6.595780489631457E-6	1.109878462085932E-5	0.9998609201145693	9.670022067589318E-6	1.7998552635237667E-5	3.646718303201605E-5	8.112023389660137E-6	8.642344053805288E-6	7.149681247206965E-6	4.681623258631895E-6	1.3829963788100798E-6
94	94	1.4723773351962773E-5	1.1589302912941306E-5	6.3617883422290446E-6	0.9998747778796122	1.7812817430378274E-6	9.326968014686721E-6	1.736003533044332E-5	3.517347192674319E-5	7.824240954251763E-6	8.3357479433193E-6	6.896038896478856E-6	4.515537822444559E-6	1.333933149214091E-6
95	95	0.12094090552338231	7.901133296678121E-6	4.337218387921792E-6	7.29827998624987E-6	1.214408200079488E-6	6.3587618764889135E-6	1.1835392880076406E-5	2.397989700397188E-5	5.3342613606068495E-6	5.682986813135329E-6	4.701449513353701E-6	0.8789795412638679	9.094234312427051E-7
96	96	1.1184167814661505E-5	8.803226288185307E-6	4.832409921018101E-6	8.13154364330286E-6	1.3530603509780365E-6	0.9999038345806605	1.318667054721053E-5	2.6717744374986612E-5	5.9432878897876855E-6	6.331828236569168E-6	5.2382262638110495E-6	3.4299993332170393E-6	1.013254675803707E-6
97	97	0.4311620288995785	3.3419386245818803E-4	1.83451121625003E-4	0.5656515957274988	5.136576637127372E-5	2.6895625123159807E-4	5.006010545304695E-4	0.0010142765727640865	2.2562300122340228E-4	2.4037302524425634E-4	1.9885698836145704E-4	1.3021188912696992E-4	3.8465839985860875E-5
98	98	1.2602364995694347E-4	9.919510567247377E-5	5.44517881372006E-5	9.16265587833746E-5	1.5246338115451105E-5	7.983133970788789E-5	1.485879307855765E-4	0.9991376294830292	6.696920549011034E-5	7.134729364725955E-5	5.9024542907913364E-5	3.864936958074215E-5	1.1417394185853188E-5
99	99	2.9675656435314025E-4	2.335815441789475E-4	1.2822137413097854E-4	2.1575936578051134E-4	3.59016019584689E-5	1.8798435140955833E-4	3.4989022980476235E-4	0.9979693167758343	1.576969985038085E-4	1.6800638408655155E-4	1.3898915459004138E-4	9.101033127602951E-5	2.6885324092873833E-5
100	100	1.4063240395015413E-4	1.106938751224524E-4	6.076387938085658E-5	1.0224797672332551E-4	1.7013704819256562E-5	8.908544719596187E-5	1.6581235277262672E-4	0.9990376628597983	7.473232493999175E-5	7.961792428944679E-5	6.586671124058753E-5	4.3129632867757284E-5	1.27409068992338E-5
101	101	9.848103992243715E-5	0.1811627308670932	4.255128877174921E-5	7.16014716014332E-5	1.1914233821443046E-5	6.23841108833159E-5	1.1611387186997161E-4	0.8182408865636543	5.233301052380828E-5	5.575426260415564E-5	4.612466285894583E-5	3.020250651332913E-5	8.9221098818465E-6
102	102	1.1499680094447308E-4	9.051570737382015E-5	4.96873518869168E-5	8.360939510352794E-5	1.3912310189346834E-5	7.284623707260581E-5	1.3558674665539348E-4	0.9992130853953655	6.110951710878788E-5	6.510453020749636E-5	5.385999861088651E-5	3.5267617322815824E-5	1.0418392158485514E-5
103	103	1.0941232511593952E-4	8.61200826626963E-5	4.727443419427324E-5	7.954915479980491E-5	1.3236700439046186E-5	6.930867735972282E-5	1.2900238167177835E-4	0.9992512995504776	5.814191611132912E-5	6.194292334290757E-5	5.12444488051786E-5	3.35549509281712E-5	9.91245409148364E-6
104	104	9.786990911106516E-5	7.703487384903044E-5	4.22872338465323E-5	7.115714378493496E-5	1.1840299230704475E-5	6.199698202753951E-5	1.1539331931708095E-4	0.9993302834496157	5.200825445697406E-5	5.540827572414746E-5	4.5838433117064055E-5	3.0015082798820266E-5	8.866743120330402E-6
105	105	1.1095176533529273E-4	8.733179915628595E-5	4.793958928780327E-5	8.066841780956736E-5	1.3422941879448858E-5	7.028385602779949E-5	1.308174555633847E-4	0.9992407652749011	5.8959977549994236E-5	6.281446525920758E-5	5.1965462323771546E-5	3.4027071788069865E-5	1.0051923118256925E-5
106	106	9.667012302500772E-5	7.609050421974663E-5	4.1768835134939025E-5	7.02848291806589E-5	1.1695149139110596E-5	6.123696174050948E-5	1.1397871394758477E-4	0.9993384934970763	5.137068586592939E-5	5.472902631163575E-5	4.527650029460566E-5	2.9647128245260605E-5	8.758045818769148E-6
107	107	1.967831726868631E-4	1.5489098765118377E-4	8.502527606343826E-5	1.4307286724302964E-4	2.380682345924877E-5	1.24654890672728E-4	2.320168036154452E-4	0.9986534273017874	1.0457094944611478E-4	1.1140723833443814E-4	9.216553261058065E-5	6.035014515961125E-5	1.782801126991915E-5
108	108	9.161608087448221E-5	7.21123918149258E-5	3.9585105077041796E-5	6.661024516125466E-5	1.1083711242311226E-5	5.803541222218944E-5	1.0801975572421762E-4	0.9993730779337564	4.8684958326298054E-5	5.186772028262954E-5	4.290938485338478E-5	2.809713708868764E-5	8.300163576156894E-6
109	109	1.4449785725673134E-4	1.1373643141525096E-4	0.5314627028444546	1.0505838718787318E-4	1.748134726654086E-5	9.153406946763685E-5	1.7036990771226548E-4	0.46761094305301054	7.678643412417296E-5	8.180632013608636E-5	6.76771382091014E-5	4.431510347977374E-5	1.309110627945553E-5
110	110	3.833047970699901E-4	3.0170495667372073E-4	1.6561678390650207E-4	2.786849891483235E-4	4.6372205053575786E-5	2.4280946851652004E-4	4.519347493607261E-4	0.9973770736197566	2.0368889275223614E-4	2.170049821783395E-4	1.7952495780908085E-4	1.1755324313405341E-4	3.4726354640353114E-5
111	111	1.5143515755228285E-4	1.1919688456141855E-4	6.543148939407605E-5	1.10102209942931E-4	1.8320621688052482E-5	9.592859364416258E-5	1.7854931766036924E-4	0.9989637404157828	8.047292859721924E-5	8.573381788333491E-5	7.092629802235674E-5	4.644265876885612E-5	1.3719606502128087E-5
112	112	8.040611253547893E-5	6.328885754693383E-5	3.474154736998697E-5	5.845994302888208E-5	9.727529544524038E-6	5.093431023941567E-5	9.480266512072054E-5	0.999449786918102	4.2727959989169835E-5	4.5521285283067115E-5	3.765907463424806E-5	2.4659225161278933E-5	7.284571444195455E-6
113	113	8.56458432813657E-5	6.741312823113577E-5	3.700550900392219E-5	6.226953350940757E-5	1.0361432043086873E-5	5.4253486642381805E-5	1.0098055910864168E-4	0.9994139318280959	4.55123627989125E-5	4.848771744311867E-5	4.011315934249267E-5	2.6266163939599864E-5	7.759276560052384E-6
114	114	1.3462994177440525E-4	1.0596924708619206E-4	5.8170359840618654E-5	9.788383591658692E-5	1.628752709080686E-5	8.528310853016642E-5	1.587351618277689E-4	0.9990787372645736	7.154260520856293E-5	7.621967775710116E-5	6.30553929970145E-5	4.128877697202498E-5	1.2197100425055238E-5
115	115	1.0504007604312714E-4	8.267861981860175E-5	4.5385290527372694E-5	7.637027419427991E-5	1.2707745852253628E-5	6.65390186398045E-5	1.2384729020418234E-4	0.9992812185275469	5.5818494700259415E-5	5.946760907766069E-5	4.919665854445794E-5	3.2214054434759706E-5	9.516340416311676E-6
116	116	1.458339990897632E-4	1.1478812869878694E-4	0.11102453218314928	1.0602984038930835E-4	1.764299367309679E-5	9.238046609721493E-5	1.7194528305073634E-4	0.888040547909313	7.74964624165674E-5	8.256276627733272E-5	6.830293472413482E-5	4.4724876086223255E-5	1.3212157034620492E-5
117	117	1.4449785725673134E-4	1.1373643141525096E-4	6.243404878616976E-5	1.0505838718787318E-4	0.5497418973427857	9.153406946763685E-5	1.7036990771226548E-4	0.4492867958531599	7.678643412417296E-5	8.180632013608636E-5	6.76771382091014E-5	4.431510347977374E-5	1.309110627945553E-5
118	118	4.906209900015094E-4	3.8617514224481493E-4	2.1198552979820185E-4	3.567101333447288E-4	0.2178185659903315	3.1079032335607095E-4	5.784656906001534E-4	0.7788835061728996	2.6071692026376014E-4	2.777611968476259E-4	2.2978766037772179E-4	1.5046534498180657E-4	4.444890495247981E-5
119	119	1.2404129819402107E-4	9.763476685773315E-5	5.3595261618210424E-5	9.018527319613129E-5	1.5006513247248971E-5	7.857559289321892E-5	1.4625064293014289E-4	0.9991511945695443	6.59157800210798E-5	7.022500086023338E-5	5.8096086965483765E-5	3.8041415074184046E-5	1.1237798598040591E-5
120	120	1.2807039222341953E-4	1.0080612721864208E-4	5.533613624411295E-5	9.311466002990854E-5	1.549395294521155E-5	8.112787553449954E-5	1.5100113813460158E-4	0.9991236237770601	6.805684819428339E-5	7.250604060909104E-5	5.998315684085634E-5	3.927707159001251E-5	1.1602823375225084E-5
121	121	1.3696837145588686E-4	1.0780986017303305E-4	5.918073906414758E-5	9.95840109610668E-5	1.6570430256960643E-5	8.67644175888165E-5	1.614922826362651E-4	0.9990627355631946	7.278525115570713E-5	7.754356124416995E-5	6.415062189348677E-5	4.2005934688287274E-5	1.240895568760712E-5
122	122	9.768176576814677E-4	7.68867834010174E-4	4.220594163311428E-4	7.10203525788756E-4	1.1817537653641082E-4	6.187780015074552E-4	0.0011517148928736132	0.9933157090059782	5.190827472937688E-4	5.530175985716882E-4	4.5750314142405573E-4	2.995738234658694E-4	8.849697853745301E-5
123	123	6.271994463811853E-4	4.936780944112853E-4	2.7099779593581073E-4	4.560106532573839E-4	7.587857381228335E-5	3.973077441080489E-4	7.394982446507437E-4	0.9957081205709856	3.332949698119009E-4	3.55084010752313E-4	2.937556613174898E-4	1.9235169916365137E-4	5.682253541243619E-5
124	124	2.0181949407331202E-4	1.5885515177672705E-4	8.720134940538212E-5	1.4673456723128653E-4	2.441611749843992E-5	1.2784521473981438E-4	2.379548682076012E-4	0.9986189641269853	1.0724726013826318E-4	1.14258511892883E-4	9.452434833980336E-5	6.18947016508632E-5	1.8284288060310285E-5
125	125	3.655368292233682E-4	2.877195226005691E-4	0.533236658744153	2.6576663810139043E-4	4.422263673440225E-5	2.3155411543345096E-4	0.3017363484162734	0.16311457648430905	1.942469610967998E-4	2.069457875755716E-4	1.712031374134038E-4	1.1210410119730222E-4	3.311662588820416E-5
126	126	1.967831726868631E-4	1.5489098765118377E-4	0.9982683592644928	1.4307286724302964E-4	2.380682345924877E-5	1.24654890672728E-4	2.320168036154452E-4	4.7009331335802924E-4	1.0457094944611478E-4	1.1140723833443814E-4	9.216553261058065E-5	6.035014515961125E-5	1.782801126991915E-5
127	127	3.7421002045680073E-4	0.7121126620386347	1.6168714967145374E-4	2.720725550198503E-4	4.5271919199479696E-5	2.370482625712635E-4	4.4121157130349193E-4	0.2856211927864585	1.988559112911896E-4	2.118560462611593E-4	1.7526532056935255E-4	1.147640255332496E-4	3.3902393029492464E-5
128	128	1.2404129819402107E-4	0.275372599926133	0.1416235773435312	9.018527319613129E-5	1.5006513247248971E-5	7.857559289321892E-5	1.4625064293014289E-4	0.5823062473283559	6.59157800210798E-5	7.022500086023338E-5	5.8096086965483765E-5	3.8041415074184046E-5	1.1237798598040591E-5
129	129	1.7892334280219784E-4	1.4083324758963934E-4	7.730847311908223E-5	1.3008772712569893E-4	2.1646141672940597E-5	1.13341346372631E-4	2.1095920714326335E-4	0.9987756407969203	9.50802021302483E-5	1.0129603676467987E-4	8.38006876333433E-5	5.48728306547747E-5	1.62099600711547E-5
130	130	2.1270723387751143E-4	1.6742505513043048E-4	9.190567991250346E-5	1.546505903866895E-4	2.573331599590126E-5	1.347421968162508E-4	2.507920359058108E-4	0.9985444601286738	1.13033025623705E-4	1.2042251975355495E-4	9.962373933080169E-5	6.52337914148498E-5	1.9270687178095077E-5
131	131	2.1561523162888914E-4	1.6971398379058106E-4	9.316215580028783E-5	1.567648747055421E-4	2.6085125493337844E-5	1.3658430626506713E-4	2.542207048005298E-4	0.8344682080567623	1.1457834111840246E-4	1.2206885970295337E-4	1.0098573160852856E-4	0.16412247848459094	1.9534143732721115E-5
132	132	2.3143541947976085E-4	1.8216629100562963E-4	9.999767847750512E-5	1.6826707586046157E-4	2.7999051435863304E-5	1.4660581247439398E-4	2.728734654387375E-4	0.998416304539582	1.2298521880714695E-4	1.3102533405151085E-4	1.0839528812378626E-4	7.09774162595942E-5	2.0967409003560035E-5
133	133	2.859939078118744E-4	2.2511009573818137E-4	1.2357108909337894E-4	2.0793428546756623E-4	3.459953603112373E-5	1.811666049722931E-4	3.372005412759115E-4	0.9980429648386276	1.5197770250041735E-4	1.6191319112684405E-4	1.3394834770149214E-4	8.770960248047333E-5	2.591025717281108E-5
134	134	1.7303419355681388E-4	1.3619780986095576E-4	7.476391337075274E-5	1.2580597144174122E-4	2.0933672540058364E-5	1.0961078727392752E-4	2.0401561758084385E-4	0.9988159398096929	9.195069710392353E-5	9.796194145251822E-5	8.104244072933733E-5	5.306672596110206E-5	1.5676419435116617E-5
135	135	0.12470187357765301	0.0015239926063827336	0.8601964629036373	0.0014077125800462233	2.3423843752007258E-4	0.0012264957091145101	0.0022828435574494886	0.004625309352930082	0.0010288871948908617	0.0010961503318808825	9.068286824935755E-4	5.937929405195406E-4	1.7541212548177065E-4
136	136	1.1253514386576525E-4	8.857810015378452E-5	4.862372906880262E-5	8.181962653942276E-5	1.3614498975665149E-5	7.128686799734262E-5	1.326843348322648E-4	0.9992299303327109	5.980138789013334E-5	6.371088250316923E-5	5.270705482679201E-5	3.451266780144794E-5	1.019537283451255E-5
137	137	3.833047970699901E-4	3.0170495667372073E-4	1.6561678390650207E-4	2.786849891483235E-4	4.6372205053575786E-5	2.4280946851652004E-4	4.519347493607261E-4	0.9973770736197566	2.0368889275223614E-4	2.170049821783395E-4	1.7952495780908085E-4	1.1755324313405341E-4	3.4726354640353114E-5
138	138	9.269299478901174E-5	0.7288605491199166	4.005041367853048E-5	6.739322451574872E-5	1.121399626157357E-5	5.87175975150002E-5	1.092894889072258E-4	0.27057811961847705	4.925723241343906E-5	5.247740658610519E-5	4.341376916202839E-5	2.842740877898955E-5	8.397728998763007E-6
139	139	0.003804350019580164	0.00299446097884217	0.0016437681446038817	0.002765984803810141	4.6025017310527804E-4	0.002409915590324329	0.9693644524427647	0.009088172944156992	0.0020216387821223557	0.002153802703513815	0.0017818085815174286	0.0011667312442663958	3.4466359139213187E-4
140	140	8.691532346806116E-4	0.22112326519502656	3.755402086018038E-4	6.319251979801547E-4	1.051501372528571E-4	5.505765557473016E-4	0.0010247733716719507	0.4429545945813383	4.6186966966602284E-4	0.3311507767017498	4.0707734152664826E-4	2.665549252140007E-4	7.874287954402449E-5
141	141	4.7581899447840607E-4	3.7452426948736536E-4	2.0558994353715333E-4	3.4594821751883227E-4	5.756457041238109E-5	3.0141380447756507E-4	5.610134275762945E-4	0.9967440058084887	2.528511119000992E-4	2.6938116404018786E-4	2.2285498527924107E-4	1.4592581771291405E-4	4.3107885090872534E-5
