0	0	6.52245272204051E-5	1.368877688197372E-5	3.2233246006936184E-5	1.3654518804528106E-5	2.3183052434975895E-5	4.48747386291488E-6	4.503815194616552E-6	4.501791450681233E-6	4.608425548602073E-6	0.9998339143725944
1	1	2.45497443787974E-6	5.152294506869389E-7	1.213221442441696E-6	5.139400169722921E-7	8.725828081140365E-7	1.6890323462034995E-7	1.6951830311249792E-7	0.9999897724200154	1.7345571371425178E-7	4.145754576855175E-6
2	2	0.0015176259179174776	3.185066027458112E-4	7.499940841799263E-4	3.177094954543501E-4	0.9941121440107454	1.0441327719131893E-4	1.0479350269207174E-4	1.0474641478851224E-4	1.0722754692752436E-4	0.0025628391473576013
3	3	4.392919571442498E-4	9.21949126142834E-5	2.1709326731722574E-4	9.196418195926111E-5	1.5613955226266913E-4	3.022346439111991E-5	3.0333524454281624E-5	3.031989439099116E-5	3.1038082832827847E-5	0.998881401162633
4	4	4.916880206246651E-5	1.0319135908990851E-5	2.4298682723912753E-5	1.0293310829059309E-5	1.7476292507682704E-5	3.3828334758266627E-6	3.395152211402338E-6	3.3936266339973147E-6	3.4740115915771864E-6	0.999874798152055
5	5	0.15659778614064787	4.734288905469985E-5	0.008798824052238053	0.1216700512195239	8.017901736886971E-5	1.5520011689840062E-5	1.5576528488998143E-5	1.5569529333015767E-5	1.5938325340931006E-5	0.7127432122863139
6	6	6.0938575497054015E-5	1.2789277270890158E-5	3.01151756711284E-5	1.2757270316945531E-5	2.165967698450366E-5	4.192598650232066E-6	4.207866180991771E-6	4.205975418760987E-6	4.305602511568436E-6	0.999844827981498
7	7	2.518334016749144E-4	5.285268278461214E-5	0.12620343425851202	5.272041155865418E-5	8.951029934152471E-5	1.7326239928214906E-5	1.7389334186244926E-5	1.73815204643052E-5	1.7793237172089016E-5	0.8732797586143775
8	8	0.26228329149174134	2.232452263201385E-5	5.256801511117642E-5	2.226865239379914E-5	3.780838735455815E-5	7.318456037159785E-6	7.345106513864656E-6	7.341806064330343E-6	7.515711691758097E-6	0.73755221785046
9	9	0.14293419546871122	4.094087423847342E-5	9.640432322376159E-5	4.0838413978331424E-5	6.933668671699703E-5	1.3421294294888439E-5	1.3470168523159947E-5	1.346411583878492E-5	1.3783040840642405E-5	0.8567641456136338
10	10	2.4941448444157566E-4	5.234502071768379E-5	1.2325790277531326E-4	5.221401998700491E-5	8.865053251076086E-5	1.715981744385589E-5	1.7222305667153984E-5	1.721456699779478E-5	1.7622329072741616E-5	0.9993648990203862
11	11	8.346692147753857E-4	1.751733763083227E-4	4.1248437176643086E-4	1.747349804498963E-4	0.9967617763526302	5.742557968764327E-5	5.763469743952406E-5	5.760879986949353E-5	5.897338160849347E-5	0.001409519245464616
12	12	9.982906291341338E-5	2.0951286683005965E-5	4.933442802362375E-5	2.0898853159692652E-5	3.548270104336061E-5	6.868279919752027E-6	6.893291060500086E-6	6.8901936296830425E-6	7.053401896936291E-6	0.99974579850167
13	13	1.9957374915251477E-4	4.188486509708425E-5	9.862715802019772E-5	4.1780042367875724E-5	7.093541169892961E-5	1.3730754690172188E-5	1.378075583196394E-5	1.3774563588314073E-5	1.4100842177312426E-5	0.9994918118573757
14	14	0.0016118300583271314	3.382773778572703E-4	7.965487371931317E-4	3.374307914377054E-4	5.72900139731148E-4	1.1089456016694215E-4	1.1129838754219998E-4	1.1124837673423688E-4	1.1388352108247584E-4	0.9958956880499278
15	15	1.482015115607984E-5	3.1103290614460026E-6	7.323956162375298E-6	3.102545028234922E-6	5.267594200946264E-6	0.9999382550524649	1.0233454316612508E-6	1.022885601712292E-6	1.0471147301847582E-6	2.502702616246682E-5
16	16	1.5880604407911016E-5	3.3328880983099617E-6	0.999940592332364	3.3245470800017574E-6	5.644515957066739E-6	1.0925920086316407E-6	1.0965707300622427E-6	1.0960779970639473E-6	1.1220408364687156E-6	2.6817830520542747E-5
17	17	0.012806976820594113	6.802697004591031E-5	1.6018451316010833E-4	6.785672304515071E-5	0.38708327105314316	2.2300695868329518E-5	2.2381904824525148E-5	2.2371847741320745E-5	2.2901770512922508E-5	0.5997237277010644
18	18	0.1439578088497716	3.917503930483948E-5	9.22462751881903E-5	3.907699829343199E-5	6.634610222497736E-5	1.2842415832683435E-5	1.2889182049798818E-5	1.2883390425836165E-5	1.3188559763703458E-5	0.8557535431871449
19	19	1.866619230870628E-4	0.07192474850264712	9.22462751881903E-5	3.907699829343199E-5	0.9273902437793402	1.2842415832683435E-5	1.2889182049798818E-5	1.2883390425836165E-5	1.3188559763703458E-5	3.152189733719287E-4
20	20	6.079589895069904E-5	1.275933351364767E-5	3.0044666486714697E-5	1.272740149814082E-5	2.1608964806181362E-5	4.182782446115241E-6	4.19801423073972E-6	4.196127895383421E-6	4.295521729546258E-6	0.9998451912884428
21	21	0.001718503335025903	3.6066507074255827E-4	8.492655006060491E-4	3.597624559923904E-4	6.108155110263906E-4	1.1823372476432798E-4	1.1866427802741552E-4	1.186109574308502E-4	1.2142049949598782E-4	0.9956240586668881
22	22	0.5612634165092731	0.37664638206024653	0.007784433223227328	0.053842422498817794	7.093541169892961E-5	1.3730754690172188E-5	1.378075583196394E-5	1.3774563588314073E-5	1.4100842177312426E-5	3.370233804486217E-4
23	23	3.4626155245651434E-6	7.267047131466546E-7	1.7111866162492894E-6	7.248860330295248E-7	0.9999865662668816	2.3822934908063675E-7	2.3909687164083977E-7	2.3898943587293454E-7	2.446503873377263E-7	5.847374187428885E-6
24	24	1.4188510539482176E-5	2.9777656249801458E-6	7.011806297126509E-6	2.9703133502973874E-6	5.0430872837069606E-6	9.761752658545853E-7	9.79730050641217E-7	9.792898188238448E-7	1.0024862924005009E-6	0.9999638708354767
25	25	1.7183865847765741E-4	3.606405681791502E-5	8.492078039132809E-5	3.597380147500721E-5	6.107740139505613E-5	1.1822569229993644E-5	1.1865621631245474E-5	1.1860289933833972E-5	1.214122505311468E-5	0.9995624355955949
26	26	6.813396819212366E-5	1.4299385958196643E-5	3.3671059826071475E-5	1.426359974619214E-5	2.421716836464595E-5	4.687644578942643E-6	4.704714841033103E-6	4.702600824867802E-6	4.813991501742826E-6	0.9998265058661662
27	27	4.4815390346048223E-7	0.20054854757814466	2.2147274399393854E-7	9.381939835984636E-8	1.592893944291124E-7	3.0833169883261936E-8	3.0945450215553184E-8	3.093154518959335E-8	0.799449680171589	7.568046606674362E-7
28	28	8.115021364721689E-7	1.7031126416409334E-7	4.0103545575227344E-7	0.5743153409052356	2.88435921004939E-7	5.583167532687292E-8	0.4256814482353552	5.6009810049448396E-8	5.7336516458390716E-8	1.370396630000288E-6
29	29	0.9162460044470132	9.492325234644639E-6	2.235177453064256E-5	9.46856936399007E-6	1.6076021659349447E-5	3.1117872514124415E-6	3.1231189603457465E-6	3.121715618338545E-6	3.19565980979516E-6	0.08368405458055832
30	30	0.999981533989675	1.1979570938782456E-6	2.8208543426243833E-6	1.1949590388107656E-6	2.0288373725196077E-6	3.9271595950630933E-7	3.941460517931676E-7	3.939689462398804E-7	4.0330090300672625E-7	9.639270616616095E-6
31	31	0.9999332300723648	4.331607481017929E-6	1.0199725712893982E-5	4.320767027862167E-6	7.335928127546005E-6	1.4199935847498342E-6	1.4251645532928288E-6	1.424524169974036E-6	1.458266925829292E-6	3.485395005201597E-5
32	32	0.42695557407537177	2.7831115934138862E-6	0.5730080788674442	2.776146467652175E-6	4.7134249143522065E-6	9.123635106849262E-7	9.156859221832563E-7	9.152744679491017E-7	9.369546075799502E-7	2.2394095700296137E-5
33	33	0.4907511502437736	6.277590104312215E-6	0.5091668652871021	6.26187955764909E-6	1.0631607323894964E-5	2.057928312959133E-6	2.0654223486254452E-6	2.0644942719235196E-6	2.113396022873354E-6	5.051215118210801E-5
34	34	0.9999805009825051	1.2649720172681304E-6	2.9786557685944943E-6	1.2618062479881027E-6	2.142332573461884E-6	4.146848848332587E-7	4.161949779194228E-7	4.1600796490355096E-7	4.25861960707524E-7	1.0178501099250183E-5
35	35	0.5441320169619345	7.642073152501039E-6	0.4557681786067462	7.62294779629422E-6	1.2942469888574029E-5	2.5052350422550903E-6	2.5143579648763153E-6	2.5132281634828834E-6	2.5727590904523438E-6	6.149136022097035E-5
