0	0	1.18016326406573E-4	1.0843372658433036E-4	1.248577230950605E-4	9.703369742137528E-5	1.2576146661377735E-4	1.762079006212313E-4	6.443735451040178E-5	0.9991852518047473
1	1	0.49620023864955387	0.3215147393428968	2.6246048273735353E-5	0.15426219778468842	2.6436022072963292E-5	0.027912064445784757	1.354522471809123E-5	4.453248201140088E-5
2	2	7.847315780407758E-5	7.210135408063706E-5	8.302224027667072E-5	6.452107841272884E-5	8.362317075737692E-5	0.9994345459584223	4.2846636926756755E-5	1.4086640331934642E-4
3	3	4.9790177731963596E-5	4.57473527872179E-5	0.026160766820290914	4.093776842329138E-5	5.305779263930412E-5	0.9735331366009238	2.7185622797624715E-5	8.937786440611774E-5
4	4	7.801456187751941E-5	0.005915664605552827	8.253705958215002E-5	6.414401822342064E-5	8.313447823437488E-5	0.9935938658524635	4.259624183993757E-5	1.400431822261869E-4
5	5	4.263450026778835E-5	3.9172696573949946E-5	4.510601872484075E-5	3.5054329554742904E-5	4.5432504512561395E-5	0.999692788576863	2.327859620595924E-5	7.653277729737274E-5
6	6	3.0331880052712536E-5	2.7869015148749385E-5	3.2090216632630596E-5	2.493904496837848E-5	0.036386364296108684	0.55217229785082	1.6561319670214412E-5	0.41130954637659867
7	7	6.0924541809620296E-5	5.597763724741757E-5	6.445633246329666E-5	5.009250614295824E-5	6.492287943580243E-5	0.9995609960225695	3.326502712383739E-5	1.0936505320746009E-4
8	8	2.3372645732511714E-4	2.1474851438609403E-4	2.4727556074024355E-4	1.9217122774457297E-4	2.490653874311078E-4	0.33300459405731697	1.276155176804423E-4	0.6657308032773753
9	9	1.0104405897872264E-4	9.283956040559763E-5	1.0690157472706799E-4	8.307900223390525E-5	1.0767534829033135E-4	0.9992719068134154	5.517043317507688E-5	1.813832087738537E-4
10	10	6.508288667960448E-5	5.979833599651966E-5	6.885573624173296E-5	5.35115210383863E-5	6.935412692043826E-5	0.9995310322364954	3.55354989366997E-5	1.168296576911819E-4
11	11	7.05891658926878E-5	6.48575205421522E-5	7.468121400573964E-5	5.8038815247149074E-5	7.52217705804916E-5	0.999491355639781	3.8541947929734486E-5	1.2671392602094222E-4
12	12	7.05891658926878E-5	6.48575205421522E-5	7.468121400573964E-5	5.8038815247149074E-5	7.52217705804916E-5	0.999491355639781	3.8541947929734486E-5	1.2671392602094222E-4
13	13	1.320219651670314E-4	1.2130214615162391E-4	0.13859434831772383	1.0854921357965247E-4	1.406862632500495E-4	0.860594016261336	7.208448552550528E-5	2.3699134726633112E-4
14	14	7.847315780407758E-5	7.210135408063706E-5	8.302224027667072E-5	6.452107841272884E-5	8.362317075737692E-5	0.9994345459584223	4.2846636926756755E-5	1.4086640331934642E-4
15	15	1.6873361201306437E-4	1.5503290864671474E-4	1.7851508555669787E-4	1.3873373923270607E-4	1.7980721108618736E-4	0.99878415619388	9.212918166634996E-5	3.028920679183803E-4
16	16	6.353415055238084E-5	5.8375352966255734E-5	6.721722000920742E-5	5.223814135160595E-5	6.770375080140549E-5	0.9995421919645728	3.468988323324888E-5	1.1404953651296432E-4
17	17	6.263979095461988E-5	5.755361289821136E-5	6.62710144594774E-5	5.15027937837104E-5	6.675069643918919E-5	0.9995486364516221	3.420155955621656E-5	1.1244408028645093E-4
18	18	9.953724450543694E-5	0.06719747991556087	1.053074103432946E-4	8.184009077035703E-5	1.0606964504701534E-4	0.9321767396461724	5.434770685107645E-5	1.7867834074941107E-4
19	19	1.4651138352731662E-4	1.3461506375111323E-4	1.550046363221577E-4	0.0769455032335694	1.5612658882917693E-4	0.922119242170573	7.999576200698726E-5	2.6300116142085494E-4
20	20	1.666274990124248E-4	1.5309780620605506E-4	1.7628688135946815E-4	1.3700208109809138E-4	1.7756287873082926E-4	0.9987993322125538	9.097923611056609E-5	2.9911140492881483E-4
21	21	5.295000277023511E-5	4.865060875770006E-5	5.601951005484344E-5	4.3535794611734467E-5	5.64249897310603E-5	0.9996184581593781	2.8910899057118635E-5	9.50500356391275E-5
22	22	3.6166259368650586E-5	3.3229658974877354E-5	3.8262814435339096E-5	2.9736104955095133E-5	3.853976783234664E-5	0.9997393967810013	1.974691254347569E-5	6.492170088906122E-5
23	23	1.403500146184215E-4	1.2895398098405027E-4	1.4848609336681203E-4	1.1539658339010125E-4	1.495608634424899E-4	0.9989886798846607	7.663163159604668E-5	2.519409479414045E-4
24	24	5.9832293692406595E-5	5.497407666126461E-5	6.330076681299547E-5	4.919445350446434E-5	6.375894958550605E-5	0.9995688664349445	3.266865557690626E-5	1.074043692218817E-4
25	25	1.4184125764302473E-4	1.3032413919286917E-4	1.500637836263097E-4	1.1662269191963286E-4	1.5114997331874193E-4	0.9989779344346389	7.744585585097291E-5	2.546178638095717E-4
26	26	9.263050560720545E-5	8.510916433525398E-5	9.800028836193083E-5	7.616133061211751E-5	0.013976407237399381	0.9854548347511966	5.0576601645150155E-5	1.6628012084230875E-4
27	27	1.5099316857044243E-5	1.3873294022442277E-5	1.5974623007384237E-5	1.2414744533975769E-5	1.6090250312199635E-5	0.999891198850909	8.244283336106756E-6	2.7104637021762356E-5
28	28	2.4947014092904778E-5	2.2921385435488447E-5	0.27473312166646097	2.0511577429704546E-5	2.6584229279852755E-5	0.7251135108218613	1.3621162766433668E-5	4.478214267352883E-5
29	29	5.315131060385026E-4	4.883557095110292E-4	5.623248768693643E-4	4.3701311061960764E-4	5.663950893503098E-4	7.935919666323231E-4	0.9956666921272206	9.541140137583169E-4
30	30	1.7771882590425877E-4	1.632885479810809E-4	1.8802117155459382E-4	1.4612143339784095E-4	1.8938210390993275E-4	2.653485510604353E-4	0.9985510980280959	3.190213380959316E-4
31	31	0.15813895478305146	0.26993757053539674	2.2557192234758E-5	1.753041551395947E-5	2.2720465405029513E-5	3.183427816131219E-5	0.5717905588443792	3.82734858575762E-5
32	32	0.15710789589787416	0.20705872106645218	0.14283954433949353	7.8335565182707E-5	1.0152757059864656E-4	1.422531125953129E-4	0.49250069540376223	1.7102704404114828E-4
33	33	2.72375235810938E-5	2.5025911878088086E-5	2.881648057208108E-5	0.9079704860816655	2.902505964034922E-5	0.09185564333916378	1.4871789492361433E-5	4.889381400674563E-5
34	34	1.0181470453531496E-4	0.2212715304548238	1.07716894542887E-4	8.371263141076924E-5	1.0849656954324983E-4	0.14506173045564189	0.6330822317023752	1.8276658712677065E-4
35	35	0.2147064641127865	0.2948013841334874	4.525053550926832E-5	3.516664137322592E-5	4.557806733646522E-5	6.38607021369757E-5	0.49022551782397417	7.67779833960488E-5
36	36	9.735944277759074E-5	0.33557151406023994	1.0300336162926667E-4	0.663751081101039	1.0374891919808143E-4	1.4536550611133646E-4	5.315861898278322E-5	1.747689900219906E-4
37	37	1.1113869622839448E-4	0.14995709886714217	1.1758139726384552E-4	9.137887061896835E-5	1.1843247337723877E-4	1.6593904366011032E-4	0.8492389266576635	1.9950399404574298E-4
38	38	3.412799599485221E-4	3.1356896958714496E-4	3.610639310221118E-4	2.8060233171077226E-4	3.63677379188672E-4	5.09558525482773E-4	0.9972176205620041	6.1262834105576E-4
39	39	4.63339201021187E-5	0.32629991003286224	4.9019893621233624E-5	3.8096013665485175E-5	0.29854013102499105	6.918028240109227E-5	0.3748741552624495	8.317356990739424E-5
40	40	8.606164912655936E-5	0.2708439606502118	9.105063581397604E-5	7.076037930685851E-5	0.19994198339279345	0.07104311024220374	0.45776858462016257	1.5448843038096846E-4
41	41	6.636243131387517E-4	6.0973985139732E-4	7.020945597270608E-4	5.456356994263055E-4	0.29897535971751377	0.19983630017257556	0.49747598012786914	0.0011912655583521093
42	42	6.272942228694236E-6	5.76359664138509E-6	0.9999520696346361	5.157648917692313E-6	6.68462100698083E-6	9.366009047159396E-6	3.425049859805901E-6	1.126049766204625E-5
43	43	7.196072164084866E-6	6.611770975087982E-6	0.9999450161733627	5.9166516214599094E-6	7.668333837948437E-6	1.0744316548067475E-5	3.929082248519682E-6	1.291759924217588E-5
44	44	1.449208760690712E-4	1.3315370110656208E-4	1.5332192727800315E-4	1.191547717735406E-4	1.5443170002269095E-4	2.163785647788001E-4	0.9988184924020393	2.6014605693206903E-4
45	45	7.211446069813977E-5	0.24855892835576548	7.629493002500772E-5	0.6320949955006252	0.11892116731009016	1.076727103017483E-4	3.9374764584043674E-5	1.294519679101465E-4
46	46	8.18407715533902E-5	7.519552689259691E-5	8.658507431671906E-5	0.07363451093613699	8.721179325561704E-5	1.221948774355468E-4	0.9257655494463598	1.4691157404917528E-4
47	47	0.5080841168428674	0.2885276957903534	2.562694349308832E-5	0.20324387372157254	2.5812436096287313E-5	3.616652458749395E-5	1.322571325143358E-5	4.34820277784516E-5
48	48	5.774994563042044E-4	5.306080951186246E-4	6.109770520594884E-4	0.9954512821571406	6.153994180709455E-4	8.622532992146988E-4	3.153168576628879E-4	0.0010366636644285041
49	49	8.234559963049689E-5	0.49354908834083716	8.711916723573479E-5	6.770502219328801E-5	0.5058980144529651	1.2294862650019035E-4	4.4961004611192584E-5	1.4781778602670505E-4
50	50	1.6741102459404842E-6	1.5381771167402316E-6	1.7711582785430503E-6	1.3764630030507847E-6	1.783978252952133E-6	2.4995817174430887E-6	0.9999863513523445	3.005179040895543E-6
51	51	6.214538102806832E-6	5.709934769246704E-6	6.574794363034349E-6	5.1096287119116775E-6	6.6223839525703095E-6	9.27880697331426E-6	0.3603191093656679	0.6396413805474591
52	52	7.330240263532872E-5	0.2581444430208435	7.755173685811964E-5	6.026965398899382E-5	7.811307081338809E-5	1.0944640349476338E-4	0.7413252892804234	1.3158443094243359E-4
53	53	2.946165182842501E-5	0.4723121819929979	3.116954135009997E-5	0.5274828305406001	3.139515231174697E-5	4.398862407931463E-5	1.608617181312733E-5	5.288632501929762E-5
54	54	0.25526137366035034	4.347714246349635E-5	0.744424387534786	3.8906233507228544E-5	5.042480206684677E-5	7.065159743029588E-5	2.5836537489475224E-5	8.494249190640785E-5
55	55	0.7387804773454066	5.922089823253324E-5	6.819083642954791E-5	5.2994791391298523E-5	0.26079198662373027	9.623564991416837E-5	3.519235328379484E-5	1.1570150161158094E-4
56	56	0.8408649432103782	3.359370380026114E-5	3.8681999585879954E-5	3.006187643364554E-5	0.15889253228875472	5.4590727508860816E-5	1.996324823726639E-5	6.563294530121861E-5
57	57	0.8694545972525866	3.0731915317607395E-5	3.53867481435538E-5	2.750095810632201E-5	0.13032353848179373	4.994023954321612E-5	1.8262614266643524E-5	6.004179024244802E-5
58	58	0.9997924219177461	2.4773184178218332E-5	2.8525473279767386E-5	2.2168689884910905E-5	2.873194598290401E-5	4.025713136726014E-5	1.4721604629181981E-5	4.840005293174546E-5
59	59	0.9999115619743273	1.0554541570844129E-5	1.2153193202512301E-5	9.444904509577323E-6	1.224116028469369E-5	1.7151431300957553E-5	6.272095945778714E-6	2.0620698858256458E-5
60	60	0.27962061297261953	1.7955370257000698E-5	2.0674994010044914E-5	0.7187811240963691	2.0824643478038678E-5	2.9177989150842298E-5	1.067008019609163E-5	0.0014989598539193448
61	61	8.893082477938261E-6	8.170988737461232E-6	9.408613734227428E-6	0.999929952967914	9.476715037628137E-6	1.3278089915207542E-5	4.855656211048048E-6	1.5963885972540408E-5
62	62	5.404421829726099E-6	4.965597700542112E-6	5.717715716554103E-6	0.9999574316655385	5.7591016107752174E-6	8.069237991757642E-6	2.9508344817147186E-6	9.701425130294916E-6
63	63	8.337652278956266E-6	7.660657936910744E-6	8.820985292513231E-6	0.25420453255715614	0.7457386801316692	1.2448787798421782E-5	4.55238925021853E-6	1.4966838617559656E-5
64	64	9.224933146711172E-6	8.475894048278845E-6	9.75970175884375E-6	0.4249907561209862	0.5749464133445132	1.3773569747911176E-5	5.0368479142583854E-6	1.6559587884598937E-5
65	65	2.6586577979416622E-5	2.442782126179176E-5	2.8127799707671202E-5	2.185963621878022E-5	0.9997970605794161	3.9695906770698626E-5	1.4516370765313826E-5	4.77253078801826E-5
66	66	0.6413843257734035	6.55507533740065E-5	7.547944787343536E-5	0.3581250741783759	7.602578221400324E-5	1.065218451861539E-4	3.8953905455788016E-5	1.280683141171351E-4
67	67	0.32118896202354885	4.9236487437320806E-5	5.669412929234143E-5	0.6784425384265963	5.710449198859404E-5	8.00106973963179E-5	2.925906077181768E-5	9.619468296832136E-5
68	68	7.579970046253494E-5	6.96449740929309E-5	0.045504768121904994	0.6927870813123544	8.077426055622828E-5	0.26130447740537016	4.138691924420547E-5	1.360673060143665E-4
69	69	0.14794941059444913	3.128053699780515E-5	3.601846722199757E-5	0.150493622533748	0.20405747325363432	0.49735249233060513	1.8588635798989377E-5	6.111364754468456E-5
70	70	2.2244943861805407E-5	2.0438715845847934E-5	2.3534481419070616E-5	0.25663529058784035	0.7432132002694325	3.3213496612512454E-5	1.2145822339436136E-5	3.9931682648439005E-5
71	71	0.6252390683072887	4.458336623522177E-5	5.133621956369624E-5	3.989615597994238E-5	0.37443906903929675	7.244924263325254E-5	2.649391721432557E-5	8.710375178808835E-5
72	72	1.4798038899635501E-5	1.3596479003247394E-5	1.5655879991683226E-5	1.2167032077156729E-5	0.9998870443032423	2.2094666451766958E-5	8.079784447361178E-6	2.656381588690338E-5
73	73	1.923244401014646E-5	1.767082266363879E-5	2.0347347199975022E-5	1.5813025278595304E-5	0.9998531958100493	2.8715591190055337E-5	1.050098618146987E-5	3.45239734268635E-5
74	74	2.5373769929212364E-5	2.3313489876301364E-5	2.6844685275027505E-5	2.0862458515008094E-5	0.9998063181289654	3.788508646396589E-5	1.3854173045187805E-5	4.554820792996057E-5
75	75	2.191626352220632E-5	2.0136723442229552E-5	2.3186747507348315E-5	0.0837458967157414	0.9161048327660384	3.272275033714794E-5	1.1966361647782493E-5	3.934167176348518E-5
76	76	2.7518255576881734E-5	2.52838492110116E-5	2.911348657846412E-5	2.2625666859110915E-5	0.9997899489416586	4.10869766209801E-5	1.5025070209409683E-5	4.9397753285473794E-5
77	77	2.2776287738701457E-5	2.092691606715558E-5	2.409662725659812E-5	1.872679382686026E-5	0.9998261451082452	3.400683590637632E-5	1.2435938078546068E-5	4.0885492880607515E-5
78	78	1.5133551163463658E-5	1.3904748597712639E-5	1.601084187371754E-5	1.2442892176184934E-5	0.9998844832867597	2.259561334142157E-5	8.262975395132268E-6	2.716609069267841E-5
79	79	0.9999223819922174	9.263238110033007E-6	1.0666301485143736E-5	8.289360443699686E-6	1.0743506167376647E-5	1.505302632068143E-5	5.504731570266979E-6	1.8097843685316826E-5
80	80	5.37829369603058E-6	4.941591099154281E-6	5.6900729371075795E-6	4.422063785870014E-6	5.731258747728378E-6	8.030226579304612E-6	2.9365684232387658E-6	0.9999628699247316
81	81	0.9992040091364639	9.49966781291742E-5	1.0938542192016715E-4	8.500933438318382E-5	1.1017717403330793E-4	1.5437231336058851E-4	5.6452312566786914E-5	1.8559762914266965E-4
82	82	0.1907117253066996	3.341068975358538E-5	3.847126517803335E-5	2.9898103314447367E-5	0.8090470714337762	5.42933244594152E-5	1.9854491106274882E-5	6.527538571248603E-5
83	83	0.4170466149023421	9.649132215289287E-5	1.1110645333278782E-4	8.634684108445348E-5	0.5822567810589285	1.568011525593475E-4	5.7340513220375184E-5	1.8851775637951092E-4
84	84	2.3961879601893912E-5	0.09515478594608405	2.535094778211819E-5	0.6174852257168504	0.28721880147645545	3.577702024923621E-5	1.3083275659026162E-5	4.3013737317891085E-5
85	85	0.9997854898836439	2.560048037287816E-5	2.9478076519038154E-5	2.2909009443771083E-5	2.9691444342332816E-5	4.160151129631818E-5	1.5213230065839299E-5	5.0016364316011234E-5
86	86	1.1708938428650542E-5	1.075820496048196E-5	1.2387704621689848E-5	9.627156031759947E-6	1.2477369141321588E-5	0.999915628901113	6.3931240654631985E-6	2.101860163764146E-5
87	87	0.9997736806731446	2.7009837967472526E-5	3.1100903528962325E-5	2.4170196186126847E-5	3.1326017677240834E-5	4.3891757613499995E-5	1.605074877718024E-5	5.2769865104904606E-5
88	88	0.889653403013861	7.085188028098191E-5	8.158351398176147E-5	6.34029663047088E-5	0.10983509289588406	1.1513632771505968E-4	4.21041300636617E-5	1.3842527190866124E-4
89	89	0.5365850168319711	0.30690468408551935	2.7259182087457286E-5	0.1563567937714507	2.7456489138446085E-5	3.847005318706428E-5	1.4068089152128456E-5	4.625149749381402E-5
90	90	0.9999055475299582	1.1272329000363473E-5	1.2979700848602854E-5	1.0087228355144683E-5	1.3073650347488702E-5	1.831785636105681E-5	6.698645180191284E-6	2.202305994888378E-5
91	91	0.22946460005746847	4.019978608877546E-5	4.6288677130813634E-5	3.5973437440689604E-5	0.7702451838617411	6.532579977887926E-5	2.3888949951657137E-5	7.853943039959703E-5
92	92	0.7696791798330822	6.492773413105828E-6	7.4762062549060065E-6	0.23027222644700462	7.53032043206682E-6	1.055094211341118E-5	3.858367275154324E-6	1.2685110424539394E-5
93	93	1.2921635028562636E-5	1.1872433945136163E-5	0.9999012682302122	1.0624242100465496E-5	1.3769652231349985E-5	1.929304402454246E-5	7.055260933313901E-6	2.319550152452661E-5
94	94	0.3762555153604903	1.1451235459306974E-5	1.3185705509830768E-5	1.0247325732138843E-5	0.6236618142325611	1.860858446319849E-5	6.804961353971194E-6	2.2372594430216623E-5
95	95	0.19922992617004645	7.806935945568965E-6	8.989419410524853E-6	0.8007116445525737	9.054486507120104E-6	1.268649373756677E-5	4.639315783114684E-6	1.5252625995995775E-5
96	96	9.466985925503038E-6	8.698292809820306E-6	1.0015786317218052E-5	7.78380988256653E-6	0.9999277370468707	1.4134974083134363E-5	5.169009634523309E-6	1.699409447661086E-5
97	97	3.5966980865928126E-4	3.304656133630234E-4	3.805198377428292E-4	2.9572257032315876E-4	0.9972545852788075	5.370160538835592E-4	1.9638105737525882E-4	6.456397798453044E-4
98	98	1.0669727445316592E-4	9.803375039390714E-5	0.5036451018596136	8.772710827573519E-5	1.1369957130080198E-4	1.5930764247507176E-4	5.82571099150004E-5	0.4957311756835726
99	99	2.513276251951266E-4	2.309205160276839E-4	2.6589706685705247E-4	2.0664300846648338E-4	2.6782167948702113E-4	3.75252429491708E-4	1.372258210034724E-4	0.9982649118534714
100	100	1.190689522140707E-4	1.0940088208290602E-4	1.2597136953362598E-4	9.789917237058514E-5	1.2688317383325448E-4	1.777795559110249E-4	6.501209212840604E-5	0.9991779848019261
101	101	8.337417310778641E-5	7.660442047500319E-5	8.820736703249769E-5	6.855072117926665E-5	8.88458284290587E-5	0.08131555751002381	4.552260956716934E-5	0.9182333373701853
102	102	9.735944277759074E-5	8.945412486555801E-5	1.0300336162926667E-4	8.004948975490459E-5	1.0374891919808143E-4	1.4536550611133646E-4	5.315861898278322E-5	0.9993278605366803
103	103	9.263050560720545E-5	8.510916433525398E-5	9.800028836193083E-5	7.616133061211751E-5	9.870963275204155E-5	1.3830482123547772E-4	5.0576601645150155E-5	0.9993605076554507
104	104	8.285669434389112E-5	7.61289595578068E-5	8.765989006742574E-5	6.812524718489052E-5	8.829438872346446E-5	1.2371173215860198E-4	4.524006423148545E-5	0.9994279830237324
105	105	9.39340945663638E-5	8.63069054705674E-5	9.937944626531821E-5	7.723314889757272E-5	1.00098773257911E-4	1.4025118476635877E-4	5.128836608024829E-5	0.9993515080806955
106	106	8.18407715533902E-5	7.519552689259691E-5	0.4721429197375067	6.728994966582238E-5	8.721179325561704E-5	1.221948774355468E-4	4.468536659769214E-5	0.5273786619770925
107	107	1.666274990124248E-4	1.5309780620605506E-4	1.7628688135946815E-4	1.3700208109809138E-4	1.7756287873082926E-4	2.4878830481127724E-4	9.097923611056609E-5	0.9988496553126712
108	108	7.75612948639504E-5	7.126353189329411E-5	0.6508055160350252	6.377133949679916E-5	8.265146434867143E-5	1.1580527333445111E-4	4.234875635949144E-5	0.348741082304678
109	109	1.2234259171767258E-4	1.1240871109841295E-4	0.6966351083077971	1.0059077746228094E-4	1.3037165477206502E-4	1.8266736391085337E-4	6.679951151058655E-5	0.302649711081731
110	110	3.2467917563017753E-4	2.9831612311521347E-4	0.997519187815444	2.6695307205703303E-4	3.459871235572467E-4	4.847722146182583E-4	1.772760411991736E-4	5.828284343788314E-4
111	111	1.282178868242946E-4	1.1780694846600334E-4	1.356506671271031E-4	1.0542147864571903E-4	1.366325319904596E-4	1.9143965370999085E-4	7.00074445582089E-5	0.9991148233886782
112	112	6.806961701959204E-5	6.254255208024702E-5	7.201560709269528E-5	5.596722777756382E-5	7.253686950677065E-5	1.0163343222353948E-4	3.716626484515313E-5	0.9995300684294544
113	113	7.250613992109997E-5	6.661884157285435E-5	7.670931486015311E-5	5.961496223885227E-5	7.7264551207666E-5	1.0825751899471681E-4	3.958862290104717E-5	0.9994994400483035
114	114	1.139855807990699E-4	1.0473026638993951E-4	1.2059331549780601E-4	9.371959536812572E-5	1.2146619243789523E-4	1.7018967210097113E-4	6.223655237089835E-5	0.9992130788250353
115	115	8.892815161715609E-5	8.17074312657771E-5	9.40833092170544E-5	7.311723402178962E-5	9.476430178056297E-5	1.3277690790511578E-4	4.855510255393184E-5	0.9993860675616385
116	116	1.2347417677899549E-4	1.1344841457743572E-4	1.3063196460251554E-4	1.015211731608276E-4	1.3157750315968508E-4	1.8435691173954218E-4	6.741736117575862E-5	0.9991475724948052
117	117	1.2234259171767258E-4	1.1240871109841295E-4	0.33005317487298214	1.0059077746228094E-4	1.3037165477206502E-4	1.8266736391085337E-4	6.679951151058655E-5	0.6692316445165459
118	118	4.156650152480277E-4	3.81914163797983E-4	0.9968239822202348	3.4176214890198494E-4	4.429441546717948E-4	6.206214167878701E-4	2.2695464907825625E-4	7.461562312792316E-4
119	119	1.0501853739889077E-4	9.649132215289287E-5	1.1110645333278782E-4	8.634684108445348E-5	1.1191066259272024E-4	1.568011525593475E-4	5.7340513220375184E-5	0.9992749845176585
120	120	1.0843055308944526E-4	9.962629159107413E-5	1.1471626329094228E-4	8.91522198671624E-5	1.1554660102953515E-4	1.6189556737487105E-4	5.92034865168823E-5	0.9992514290172401
121	121	1.1596593899809666E-4	1.0654982497162693E-4	0.9991139261891325	9.534785718681931E-5	1.2357651699309468E-4	1.7314650673015946E-4	6.33178353358387E-5	2.0816933065185994E-4
122	122	8.283349544773359E-4	7.610764434795746E-4	8.76353463331752E-4	6.810617292000869E-4	8.826966733708153E-4	0.0012367709433421686	4.5227397547633566E-4	0.994281431817322
123	123	5.315131060385026E-4	4.883557095110292E-4	5.623248768693643E-4	4.3701311061960764E-4	5.663950893503098E-4	7.935919666323231E-4	2.9020813885306823E-4	0.9963305980021259
124	124	1.708936476322642E-4	1.5701755533820578E-4	1.8080033826222948E-4	1.405097328521885E-4	1.82109004877605E-4	2.5515800902872857E-4	9.330856917304093E-5	0.9988202031428357
125	125	3.0961849116017075E-4	2.844783246366579E-4	0.23225935695834607	2.5457009129226273E-4	3.29938040986838E-4	0.7658371920963077	1.6905285129051802E-4	5.557931459797814E-4
126	126	0.9987171714067549	1.5309780620605506E-4	1.7628688135946815E-4	1.3700208109809138E-4	1.7756287873082926E-4	2.4878830481127724E-4	9.097923611056609E-5	2.9911140492881483E-4
127	127	3.1697003389095013E-4	2.912329423977303E-4	3.3534476056004377E-4	2.6061457170136506E-4	3.377720485673788E-4	4.7326184378379457E-4	1.730668210484787E-4	0.9978117369780501
128	128	1.0501853739889077E-4	9.649132215289287E-5	1.1110645333278782E-4	8.634684108445348E-5	1.1191066259272024E-4	0.34629699436119143	5.7340513220375184E-5	0.6531347913090264
129	129	1.514995074553003E-4	1.3919816578999872E-4	1.6028192138200977E-4	1.2456376006198276E-4	1.6144207186390022E-4	2.2620099241084518E-4	8.271929628123664E-5	0.9989540942847547
130	130	1.801166688348139E-4	1.6549169268690952E-4	1.9055801724166669E-4	1.4809295354655243E-4	1.9193731175988068E-4	0.16217701595263556	9.834437315865409E-5	0.836848443030136
131	131	1.8258010175490808E-4	1.6775510165624224E-4	1.9316425516455163E-4	1.5011840215916882E-4	1.9456241411960345E-4	0.2601332059864452	9.968941672354058E-5	0.7388789243219768
132	132	1.9598222219827517E-4	0.3965619841146991	2.073432954224204E-4	1.6113770211116326E-4	2.0884408491899598E-4	2.926172757968373E-4	1.0700702448592091E-4	0.6022650842803673
133	133	2.4220769428258632E-4	2.2254109832210703E-4	2.5624845430321667E-4	1.991445491971903E-4	2.581032284735052E-4	0.3813753602811379	1.3224630470081109E-4	0.6173141483895827
134	134	1.4651138352731662E-4	1.3461506375111323E-4	0.6476803479951008	1.2046249608719312E-4	1.5612658882917693E-4	2.1875332078649285E-4	7.999576200698726E-5	0.3514631873899109
135	135	0.0016448181647384247	0.0015112634716466895	0.0017401681378145125	0.001352378886634459	0.9874448510983157	0.0024558462759952686	8.98076854394404E-4	0.002952597110460498
136	136	9.527489805628285E-5	8.753883941950534E-5	0.9992720225203184	7.8335565182707E-5	1.0152757059864656E-4	1.422531125953129E-4	5.2020449787980834E-5	1.7102704404114828E-4
137	137	3.2467917563017753E-4	2.9831612311521347E-4	0.997519187815444	2.6695307205703303E-4	3.459871235572467E-4	4.847722146182583E-4	1.772760411991736E-4	5.828284343788314E-4
138	138	7.847315780407758E-5	7.210135408063706E-5	8.302224027667072E-5	6.452107841272884E-5	8.362317075737692E-5	1.1716675830205272E-4	4.2846636926756755E-5	0.9994582456034395
139	139	0.0032432324428144483	0.002979890924091541	0.0034312423594917915	0.0026666042326980734	0.003456078332523084	0.9766302396401115	0.0017708170135486557	0.005821895054720864
140	140	7.368876981369326E-4	0.4422725990856148	0.5527740358093198	6.058732728912534E-4	7.852479438149131E-4	0.0011002328087640649	4.023434323452967E-4	0.0013227799491130991
141	141	4.0311327443616425E-4	3.7038158968054986E-4	4.2648171764047096E-4	3.314420359385124E-4	4.2956867196427656E-4	6.018806546836439E-4	2.201013517672524E-4	0.997217030703889
142	142	2.3789150717730355E-4	2.1857537369135817E-4	2.516820581881462E-4	1.955957555146518E-4	2.535037799305144E-4	3.551912208394123E-4	1.298896504386018E-4	0.99835767065422
143	143	2.019106465509045E-4	1.8551605959280857E-4	0.9984572389307603	1.6601208646402607E-4	2.1516157813368034E-4	3.014688918484145E-4	1.1024396630007654E-4	3.624478403497076E-4
144	144	2.9589308843566307E-4	2.7186738671301997E-4	0.9977391368642835	2.4328498680283657E-4	3.1531187163335195E-4	4.4179226306333E-4	1.6155873019654135E-4	5.311548088717201E-4
145	145	7.801456187751941E-5	7.167999487698093E-5	0.9994039054851519	6.414401822342064E-5	8.313447823437488E-5	1.1648203756965275E-4	4.259624183993757E-5	1.400431822261869E-4
146	146	1.5501800083381738E-4	1.424309672219E-4	0.9988155367693428	1.2745668540770105E-4	1.6519147587456875E-4	2.3145438700849014E-4	8.464040679261567E-5	2.782713075181056E-4
147	147	2.2581908998345373E-4	2.0748320343772647E-4	0.9982745590355496	1.8566974516675313E-4	2.406390777481952E-4	3.3716612758389594E-4	1.2329806561128215E-4	4.0536565491906416E-4
148	148	7.290209707669311E-5	6.698264810078153E-5	0.9994429688619342	5.994052047301802E-5	7.7686494121158E-5	1.0884871498638542E-4	3.980481698522826E-5	1.3086584632252408E-4
149	149	1.388898016218729E-4	0.10416842775593352	0.8948979538670158	1.1419598792681147E-4	1.4800482002370218E-4	2.0737368385096962E-4	7.583434985220436E-5	2.4931973377518576E-4
150	150	1.269981131020239E-4	1.1668621700178377E-4	0.999029631432975	1.0441857372660126E-4	1.3533270732280105E-4	1.8961843309265182E-4	6.934144355514724E-5	2.2797307922399032E-4
151	151	9.665453273964321E-5	8.88064515762029E-5	0.20283021595995748	7.946990869680718E-5	1.029977475347842E-4	1.443130185302059E-4	5.27737354722028E-5	0.7966047686454926
152	152	9.527489805628285E-5	8.753883941950534E-5	1.0079797602273895E-4	7.8335565182707E-5	1.0152757059864656E-4	1.422531125953129E-4	5.2020449787980834E-5	0.9993422515883367
153	153	7.799399489544554E-4	7.166109787705924E-4	8.251530033382506E-4	6.41271079333261E-4	8.31125614885467E-4	0.0011645132940542075	4.2585012190994446E-4	0.9946155359587538
154	154	8.283349544773359E-4	7.610764434795746E-4	8.76353463331752E-4	6.810617292000869E-4	8.826966733708153E-4	0.0012367709433421686	4.5227397547633566E-4	0.994281431817322
155	155	5.151956296387295E-5	4.733631671369879E-5	5.4506147771123256E-5	4.2359678835415016E-5	5.4900673448488625E-5	7.692286573564944E-5	2.8129873586195188E-5	0.9996443248809456
156	156	2.4220769428258632E-4	2.2254109832210703E-4	2.5624845430321667E-4	1.991445491971903E-4	2.581032284735052E-4	3.6163563655432093E-4	1.3224630470081109E-4	0.9983278730341663
157	157	8.337417310778641E-5	7.660442047500319E-5	8.820736703249769E-5	6.855072117926665E-5	8.88458284290587E-5	1.2448436971967912E-4	4.552260956716934E-5	0.9994244105104895
158	158	3.3277265866740746E-4	3.057524376785943E-4	3.5206346218880546E-4	2.7360758002243144E-4	3.546117632809847E-4	4.968564380314724E-4	1.8169511313246892E-4	0.9977026405469978
159	159	2.297047429023369E-4	2.110533520691646E-4	2.4302070786474394E-4	1.888645511829688E-4	2.4477973713584106E-4	0.17241225199488935	1.2541964660149087E-4	0.826344905267354
160	160	4.923103726201322E-4	4.5233612979456373E-4	0.9962383495380978	4.047803993631664E-4	5.246195706565792E-4	7.350591215201395E-4	2.688033001500427E-4	8.837415677976162E-4
161	161	3.502336498026932E-4	3.2179564454924584E-4	3.705366655371635E-4	2.8796410663267056E-4	3.7321867912531146E-4	0.525235239867668	1.9122887943537193E-4	0.47286978250724965
162	162	1.606132328491631E-4	1.475718818478792E-4	1.6992396868376313E-4	1.320571171183869E-4	1.7115391010481308E-4	2.3980852000798892E-4	8.769542434754866E-5	0.9988911759450404
163	163	1.945669111135671E-5	0.915314832137584	2.0584593887109827E-5	1.599740252561698E-5	2.0733589022130278E-5	2.9050410211522978E-5	0.08454441865843813	3.49265172200054E-5
164	164	2.6608013796718628E-6	0.9999792990236516	2.8150478157530674E-6	2.187726087016021E-6	2.8354236575936877E-6	3.97279121760514E-6	1.4528074801532942E-6	4.776378710760306E-6
165	165	8.464531746832905E-6	0.9999341461287446	8.955219952656896E-6	6.9595863330487795E-6	9.020039507188865E-6	1.2638229084616878E-5	4.621665913037979E-6	1.5194598717892029E-5
166	166	6.2641117259980004E-6	0.9999512653482234	6.627241765064964E-6	5.1503884279550435E-6	6.67521097869212E-6	9.352824393909191E-6	3.420228372389134E-6	1.1244646112431972E-5
167	167	1.3746604721998215E-5	0.9998930517169011	1.454349426166268E-5	1.1302536892822075E-5	1.4648762789332904E-5	2.052479036153341E-5	7.505697463706404E-6	2.4676396607809412E-5
168	168	2.7293462608981306E-6	0.9999787657459797	2.8875662380792215E-6	2.244084079737978E-6	2.9084669818044854E-6	4.075134257648619E-6	1.4902332410283963E-6	4.899422961233866E-6
169	169	1.6458246974268785E-5	0.9123382496935131	1.7412330191197327E-5	0.08754723757080181	1.7538363889121418E-5	2.4573491105380768E-5	8.986264249974472E-6	2.9544039275125128E-5
