0	0	8.090790858317711E-5	1.206299093474697E-4	1.957235068505892E-5	6.478176104336562E-5	3.5677611412986853E-5	4.77236012786037E-5	1.5749282285314577E-5	1.967091193702061E-5	1.068494571631268E-4	0.9990341111925913	1.571251145385925E-5	9.898240297081421E-5	1.3870570238290326E-4	2.009253968649727E-4
1	1	1.566993109361074E-5	2.336313470963203E-5	3.7906972500662155E-6	1.2546681152049545E-5	6.909901914611702E-6	9.242922684200566E-6	3.0502601353363608E-6	3.8097862124901046E-6	0.9997938081328549	3.981644525155273E-5	3.043138502788321E-6	1.917052932394267E-5	2.6863984457051005E-5	3.891445445773354E-5
2	2	5.167496021007447E-5	7.704494992930155E-5	1.2500637583880647E-5	4.13753733457711E-5	2.2786884279195615E-5	3.048052088280126E-5	1.0058887316240443E-5	1.256358753355262E-5	6.824353198669491E-5	0.1299775816587514	1.0035402204764697E-5	6.321893402739502E-5	0.8694941059081728	1.2832876377612542E-4
3	3	3.244332182830862E-5	4.837147615867803E-5	7.848331310641673E-6	2.5976886054022942E-5	1.4306391666852994E-5	1.9136722011493884E-5	6.315316298431455E-6	7.887853459627973E-6	4.284564249191563E-5	0.07451554050567	6.300571535654979E-6	3.969102663950424E-5	0.8861639980832733	0.03906933787160152
4	4	5.348671253147153E-5	7.974618794320366E-5	1.2938916763380115E-5	4.282601652775184E-5	2.3585804884502437E-5	3.1549184588439496E-5	1.0411557398070851E-5	1.3004073772660579E-5	7.063618748163081E-5	1.359068363780629E-4	1.0387248885763028E-5	6.543542437426229E-5	0.9993172578081644	1.328280403063487E-4
5	5	2.7980453291634937E-5	4.171754780437919E-5	6.768723277376368E-6	2.2403533483507193E-5	1.2338419780952638E-5	1.650429506667819E-5	5.446588165209914E-6	6.8028088019582335E-6	3.695184188719784E-5	0.0520378025429137	5.433871676178775E-6	3.423117160631342E-5	0.9476761319952655	6.948620697943167E-5
6	6	2.0334714506222805E-5	3.0318108704670838E-5	4.919150307626438E-6	1.6281703965600855E-5	8.96691133229828E-6	1.1994449296777362E-5	3.958292391411216E-6	4.943921865254288E-6	2.6854645542139743E-5	0.5554436539675214	3.949050719331263E-6	0.03334839647982001	0.3310484839248661	0.08002694467916126
7	7	4.047766350448192E-5	6.0350304001780905E-5	9.791910814343548E-6	3.240986413640084E-5	1.784926065582199E-5	2.387578553945026E-5	7.87925630442774E-6	9.841220322664165E-6	5.3456039692822906E-5	1.0285154817905508E-4	7.860860113394095E-6	4.95202072390575E-5	0.6280197332436598	0.3715641028358365
8	8	1.602119891055552E-4	2.3886858603337308E-4	3.87567209391044E-5	1.2827936077285283E-4	7.06479896848821E-5	9.4501183160175E-5	3.118636837981222E-5	3.89518896747946E-5	2.1158084996542303E-4	0.22794820626538392	3.111355562081639E-5	1.9600268928097211E-4	0.33283475489422226	0.437976937657776
9	9	6.927375425860632E-5	1.0328392913263497E-4	1.6757944128862993E-5	5.5466466425149596E-5	3.054734856996655E-5	4.086118508317376E-5	1.3484613925728812E-5	1.6842332763637746E-5	9.148503734433412E-5	1.7602085339941023E-4	1.3453130556714245E-5	8.474922636613863E-5	0.9991157408526207	1.7203332542489134E-4
10	10	4.1392898889004144E-5	6.171487717392032E-5	1.0013314484503035E-5	3.3142679518936625E-5	1.825284805502945E-5	2.441563793870125E-5	8.057413182794337E-6	1.006373892394618E-5	5.466472751735306E-5	1.051771116650982E-4	8.03860103778715E-6	5.063990244846701E-5	0.9994716317908438	1.02794458320656E-4
11	11	4.177068760527167E-5	6.227814248869482E-5	1.0104704972393904E-5	3.344516933446513E-5	1.841943991546974E-5	2.463847694638827E-5	8.130952361360389E-6	1.0155589630491867E-5	5.5163646843812244E-5	1.0613705230861857E-4	8.1119685198472E-6	5.110208761189855E-5	0.9994668094287282	1.0373265273299983E-4
12	12	4.83963094273949E-5	7.215663488541371E-5	1.170750247488847E-5	3.875020634704887E-5	2.1341111787584714E-5	2.8546605825245124E-5	9.4206753343017E-6	1.176645840306681E-5	6.391364554553662E-5	1.229723981031912E-4	9.398680296138216E-6	5.920784612937905E-5	0.999382235310204	1.2018661523678573E-4
13	13	9.050813205567782E-5	1.3494339374575516E-4	2.1894731077150614E-5	7.246851742910371E-5	3.991098054250274E-5	5.3386301566006494E-5	1.761803198009972E-5	2.2004987230897947E-5	1.1952780572811117E-4	0.18810226337405656	1.7576898062199292E-5	1.107272769269619E-4	0.8109724031324083	2.2476643719073522E-4
14	14	5.3801095160422235E-5	8.021491774594916E-5	1.301496874854283E-5	4.3077738030649575E-5	2.3724436836151092E-5	3.173462345956714E-5	1.0472754144540374E-5	1.3080508735779923E-5	7.105137079106423E-5	1.3670566559172544E-4	1.0448302752372423E-5	6.582003879095843E-5	0.3057363083968355	0.6937105451823766
15	15	1.1567071521589953E-4	1.724596289163284E-4	2.798178622884217E-5	9.261582413946694E-5	5.1006816287835814E-5	0.08852742300356398	2.251610229433393E-5	2.812269520432586E-5	1.5275828218675936E-4	2.9391301544904035E-4	2.246353254623386E-5	1.4151107779101688E-4	0.9100643027292984	2.872547908776659E-4
16	16	4.355973086152393E-5	6.494552234808825E-5	1.0537490624813914E-5	3.487762970517946E-5	1.9208346602286067E-5	2.5693745689910213E-5	8.479201967075864E-6	1.0590554678551164E-5	5.7526312053176625E-5	1.1068291421698855E-4	8.45940504549184E-6	5.329079578176216E-5	0.9994439728164884	1.0817553393665302E-4
17	17	4.1580935153348575E-5	6.199523045358256E-5	1.0058802147844056E-5	3.329323736374514E-5	1.8335765595333108E-5	2.452655129516586E-5	8.094015738204504E-6	1.0109455651292841E-5	5.4913053955695354E-5	1.0565490161706737E-4	8.075118134928716E-6	5.086994524176617E-5	0.9994692315631014	1.0326142455053415E-4
18	18	6.350624957179637E-5	9.468484926869628E-5	1.5362732878384115E-5	5.0848511061079034E-5	2.8004076909112232E-5	3.745921735386544E-5	1.2361929370101433E-5	1.5440095593287976E-5	8.386829436131789E-5	1.6136593671671492E-4	1.233306720272797E-5	7.769328482664141E-5	0.9991893613576943	1.5771039719190483E-4
19	19	1.0043961651454478E-4	1.4975077278864924E-4	2.4297246480849655E-5	0.08786466029705943	4.429042440012395E-5	5.924439643855355E-5	1.9551263910005682E-5	2.4419601075395238E-5	1.3264362767724769E-4	2.5521161951177546E-4	1.9505616354964788E-5	1.2287741421292738E-4	0.9109336779778617	2.4943012571389977E-4
20	20	9.723860996924144E-5	1.449782216729121E-4	2.3522894211127622E-5	7.785751115715055E-5	4.2878890352913316E-5	5.7356279902934426E-5	1.8928165914248017E-5	2.364134936965802E-5	1.2841628058929695E-4	0.07461031767697565	1.8883973144953362E-5	0.10635216080385601	0.8181623385452611	2.4148079762292276E-4
21	21	3.63035918575466E-5	5.4126958309165315E-5	8.782165345834844E-6	2.9067746947304744E-5	1.6008638288526132E-5	2.1413705694908522E-5	7.066744477118177E-6	8.826390039401205E-6	4.794363308826296E-5	9.224545845132017E-5	7.050245308114883E-6	4.4413665134323016E-5	0.9995365953018379	9.015575522017908E-5
22	22	2.4796829693390863E-5	3.6970913850075E-5	5.998576098871518E-6	1.9854453340353545E-5	1.0934551016917075E-5	1.4626431877722336E-5	4.826873879956961E-6	6.028783363180531E-6	3.274745125047299E-5	6.300739971355361E-5	4.815604276512141E-6	3.033633957534048E-5	0.9996834757446444	6.158004741916728E-5
23	23	8.962194887092218E-5	1.336221360453114E-4	2.1680355395378934E-5	7.175896371154013E-5	3.9520204166495804E-5	5.2863585632426246E-5	1.7445530312739634E-5	2.1789532009119776E-5	1.183574851266228E-4	2.2772451258649902E-4	1.740479914523896E-5	1.0964312405939315E-4	0.9988560021187936	2.2256570414485455E-4
24	24	4.102188262700282E-5	6.116170927185244E-5	9.923562314203338E-6	3.284561230697844E-5	1.808924261453072E-5	2.4196793669139815E-5	7.985192309148915E-6	9.973534785131647E-6	5.417475210100944E-5	1.0423437946065126E-4	7.966548782719023E-6	5.018600267776183E-5	0.9994763677045677	1.0187308251214235E-4
25	25	9.723860996924144E-5	1.449782216729121E-4	0.010646842843001134	7.785751115715055E-5	4.2878890352913316E-5	5.7356279902934426E-5	1.8928165914248017E-5	2.364134936965802E-5	1.2841628058929695E-4	2.470780354456081E-4	1.8883973144953362E-5	1.1896131595593562E-4	0.9881354577259012	2.4148079762292276E-4
26	26	6.056483290583255E-5	9.029933452753131E-5	1.4651177734946741E-5	4.849336241219823E-5	2.6707013091128923E-5	3.572422013766148E-5	1.1789362334292215E-5	1.4724957243780698E-5	7.998376960283023E-5	1.5389195645842865E-4	1.1761836974881756E-5	7.409476776157373E-5	0.9992269076783892	1.504057304256586E-4
27	27	9.980364019280838E-6	1.4880256182408908E-5	2.4143398089333984E-6	7.991129277036945E-6	4.400998066511571E-6	5.886926524393148E-6	1.942746673376913E-6	2.4264977943516286E-6	1.3180373790706191E-5	2.5359563816224508E-5	1.938210821571542E-6	1.2209936339366425E-5	0.9998726035816498	2.4785075236116698E-5
28	28	1.616815146424419E-5	2.4105957991027198E-5	3.911221238181086E-6	1.2945598805002252E-5	7.1296000021382215E-6	9.536798409495642E-6	3.1472421658301233E-6	3.930917127966495E-6	2.1352155030798937E-5	0.43280194024552626	3.1398941032878223E-6	1.978005007856223E-5	0.5670327604411566	4.015172690054828E-5
29	29	0.43804394733287416	0.5575899567464494	8.810372240304666E-5	2.9161107848441384E-4	1.6060055445118858E-4	2.1482483053675806E-4	7.089441717247663E-5	8.854738976432885E-5	4.809762028228247E-4	9.254173594205209E-4	7.07288955558247E-5	4.4556314642289296E-4	6.243751144205564E-4	9.044532092216725E-4
30	30	1.2182893791198743E-4	0.15989940606111952	2.94715156794633E-5	9.754662161199914E-5	5.3722381183692526E-5	0.3061975767924758	2.3714842804562434E-5	2.9619926543815632E-5	0.5325534403861591	3.0956072540774143E-4	2.3659474282241307E-5	1.490450221378978E-4	2.0885929076108815E-4	3.025480219209859E-4
31	31	1.365896458974628E-5	0.07015574525221205	3.3042263683095965E-6	1.0936530132194272E-5	6.023134690667826E-6	8.05675231722843E-6	2.6588116392587E-6	3.3208655902848108E-6	0.9296848889428329	3.4706688404155155E-5	2.6526039459246483E-6	1.671032116466627E-5	2.3416453476809984E-5	3.3920452635825773E-5
32	32	6.531899780034308E-5	9.738757213360104E-5	1.5801252976779204E-5	5.229995165112681E-5	2.880343667529852E-5	3.8528468496214785E-5	1.2714793312125544E-5	1.5880823964496263E-5	0.8992350796529823	0.10007139618588552	1.268510729130252E-5	7.991099356222415E-5	1.1198061632664348E-4	1.6221214694190093E-4
33	33	1.8156567858931105E-5	2.7070593879365793E-5	4.392237045736207E-6	1.4537694287273833E-5	8.006423401718751E-6	0.0019943150440640605	3.534301127667918E-6	4.414355205639747E-6	0.9303348996920255	4.613485444144677E-5	3.5260493744309445E-6	0.06746479547116623	3.112698797728571E-5	4.5089728144574476E-5
34	34	6.980202709412606E-5	1.0407155923425804E-4	1.6885738078493433E-5	5.588944664050344E-5	3.07802987632883E-5	4.117278728140316E-5	1.3587445875731705E-5	1.697077025025929E-5	0.8236864406709794	1.7736316603037837E-4	1.3555722418551005E-5	8.539551318283706E-5	0.17551473962449576	1.7334522967490257E-4
35	35	0.18803834579132264	4.276332142337762E-5	6.938401329187402E-6	2.296514425697026E-5	1.2647718735137432E-5	1.6918023995852837E-5	5.5831229932739845E-6	6.9733413081721155E-6	0.8116129274264697	7.287906641767953E-5	5.570087727865638E-6	3.508927708224297E-5	4.917119283551766E-5	7.122808410231775E-5
36	36	6.221137109224995E-5	9.275424598974622E-5	1.5049490129436233E-5	4.9811721089478975E-5	2.7433079932063907E-5	3.669543213998133E-5	1.210987234555741E-5	1.5125275435576016E-5	0.9991813953305514	1.5807572071127913E-4	1.2081598671437084E-5	7.610913581444771E-5	1.0665300926278283E-4	1.5449471683443638E-4
37	37	7.619348732788755E-5	0.18324467891605176	1.843188978696559E-5	6.100699394622878E-5	3.359871340995134E-5	4.494279574071844E-5	1.4831587680897616E-5	1.8524707975371037E-5	0.8158663344875954	1.9360351992566799E-4	1.4796959448261406E-5	9.321479937510996E-5	1.3062346267364705E-4	1.8921767906215862E-4
38	38	2.3390555533743556E-4	3.48742248197122E-4	5.658385733134186E-5	1.8728470501752845E-4	1.0314432367373174E-4	1.3796939823624597E-4	4.5531329181811416E-5	5.686879887511137E-5	3.089028261007521E-4	5.943413332509446E-4	0.9966586896983781	2.8615909545752553E-4	4.009995427206979E-4	5.808772882416109E-4
39	39	2.841475362695045E-5	4.236506930130216E-5	6.873784434119718E-6	2.2751271313295973E-5	1.2529931326254631E-5	1.676046750273188E-5	5.5311277200849354E-6	6.9083990192783026E-6	0.9996261061347489	7.220034825712403E-5	5.518213851283258E-6	3.4762492852324446E-5	4.871326461011511E-5	7.056474143619805E-5
40	40	5.645576758939077E-5	8.41729102347117E-5	1.3657157882381505E-5	4.520329482668334E-5	2.489505628495492E-5	3.330048433452911E-5	1.0989504437447592E-5	1.3725931766560558E-5	0.9992571301009031	1.4345104429169497E-4	1.0963846556146945E-5	6.906775413450285E-5	9.678580294782962E-5	1.4020134380996217E-4
41	41	0.1991380622530452	6.778664175489163E-4	1.0998465731807548E-4	3.640339325339741E-4	2.0048638655244927E-4	2.681774926819883E-4	8.850134779560568E-5	1.1053851135923174E-4	0.7953340655730877	0.0011552487043219937	8.82947181800837E-5	5.562206526155898E-4	7.794413348771785E-4	0.0011290780180820072
42	42	4.000343683088583E-6	5.964325420099118E-6	9.677191117315542E-7	3.2030157880396096E-6	1.7640142965369756E-6	2.3596062517526986E-6	7.786944812504644E-7	0.9999430513289521	5.282976145212502E-6	1.0164656391503598E-5	7.768764146867611E-7	4.894004027482136E-6	6.858049973759727E-6	9.934389062776804E-6
43	43	0.9381595903630974	7.144617871846044E-6	1.159223009077419E-6	3.836867077358856E-6	2.1130986627186005E-6	2.826553517683786E-6	9.327919111693097E-7	1.1650605537298705E-6	6.3284350073229735E-6	0.06178799435797058	9.306140637266688E-7	5.862488408463518E-6	8.21520338971088E-6	1.1900325459204654E-5
44	44	9.934945199990533E-5	1.4812538846123714E-4	2.4033525880990188E-5	7.954763102831471E-5	4.3809699257049115E-5	5.8601361937528854E-5	1.9339055870283103E-5	2.415455244739503E-5	0.35831087676057766	2.524415705911375E-4	0.6404011332192673	1.2154371142438491E-4	1.7032124253757685E-4	2.467228287192326E-4
45	45	4.9441967022594124E-5	7.371566147658681E-5	1.1960456450687937E-5	3.9587448857102595E-5	2.1802210906395866E-5	2.9163387880560877E-5	9.624219795269263E-6	1.202068618909708E-5	0.999349420783358	1.2562935735479225E-4	9.601749529160004E-6	6.0487099335523875E-5	8.476158737944678E-5	1.2278338446465774E-4
46	46	5.6109694570962344E-5	8.365693154274355E-5	1.3573439707014823E-5	0.06747476313642198	2.474244995896992E-5	3.309635285920143E-5	1.092213893815333E-5	1.3641792008303352E-5	7.410017773890091E-5	1.4257169151669054E-4	0.9317686434058503	6.864436982551169E-5	9.619250741050229E-5	1.3934191165073753E-4
47	47	1.47840988035132E-5	2.2042400176719554E-5	3.5764064528678944E-6	1.1837408390628442E-5	6.519280271108391E-6	8.720413726144054E-6	2.877826772040975E-6	3.594416302741861E-6	0.9998054643049709	3.756559343414381E-5	2.871107730418931E-6	1.808680573945707E-5	2.5345344411311606E-5	3.6714592817994354E-5
48	48	3.9569022127614766E-4	5.899556218679305E-4	9.572102293935242E-5	3.1682328477883494E-4	1.7448580987723783E-4	2.3339822621433787E-4	7.702382995118479E-5	9.620304903891328E-5	0.9947933334838186	0.0010054273970892223	7.684399761229657E-5	4.840857911152336E-4	6.783575429060889E-4	9.826507215146315E-4
49	49	5.41191953784862E-5	0.4021322601453417	1.3091920051944042E-5	4.333243615194976E-5	2.3864708117033418E-5	3.1922255153913985E-5	0.4079746287318668	1.3157847545869798E-5	0.18927221073662298	1.375139409977491E-4	1.051007858377544E-5	6.620920129090293E-5	9.278006487651727E-5	1.3439873802023245E-4
50	50	1.137887333741595E-6	1.696536819707428E-6	2.7526517896802894E-7	9.110894922334897E-7	5.017692687391195E-7	6.711838479872484E-7	2.214976155211923E-7	2.766513425973808E-7	1.5027287944057348E-6	2.8913100163427558E-6	0.9999837454280861	1.3920866893748238E-6	1.950754439499309E-6	2.8258110748791984E-6
51	51	4.173626712923915E-6	6.22268231680473E-6	1.0096378349700861E-6	3.3417609370397525E-6	1.8404261666642852E-6	0.9999420315766316	8.12425217836315E-7	1.0147221077099216E-6	5.5118190111043154E-6	1.0604959174537206E-5	8.105283980185019E-7	5.105997774292825E-6	7.155120368795805E-6	1.0364717347728522E-5
52	52	4.83963094273949E-5	7.215663488541371E-5	1.170750247488847E-5	3.875020634704887E-5	2.1341111787584714E-5	2.8546605825245124E-5	9.4206753343017E-6	1.176645840306681E-5	0.9993631800073559	1.229723981031912E-4	9.398680296138216E-6	5.920784612937905E-5	8.29689483935432E-5	1.2018661523678573E-4
53	53	1.7907912241898E-5	2.6699859978728552E-5	4.332085015834478E-6	1.4338599426872527E-5	7.896774806970523E-6	1.0562997839524756E-5	3.4858985972718017E-6	4.353900265808059E-6	0.9997643597894739	4.550303400120715E-5	3.47775985244086E-6	2.190846626657321E-5	3.070070144218669E-5	4.447222079072021E-5
54	54	0.7301857471082318	0.17372561363894398	7.848331310641673E-6	2.5976886054022942E-5	1.4306391666852994E-5	1.9136722011493884E-5	6.315316298431455E-6	7.887853459627973E-6	4.284564249191563E-5	0.09578214158682738	6.300571535654979E-6	3.969102663950424E-5	5.561970171560964E-5	8.056922281298899E-5
55	55	0.13789171688246096	0.5859310036053733	9.538816323452473E-6	3.157215654091952E-5	1.7387905397985095E-5	0.1120282405950102	7.675598775189601E-6	9.586851313944944E-6	5.207434520973083E-5	1.0019311299543338E-4	7.657678076089274E-6	0.16374782922408757	6.759986264991632E-5	9.792336578532947E-5
56	56	2.506847713701573E-5	3.737592748931957E-5	6.0642900583895765E-6	2.0071957414913274E-5	0.06847934418205828	0.6764814903205015	4.879751927933369E-6	6.094828241055086E-6	3.31061971678913E-5	6.36976411384967E-5	4.868358866812536E-6	0.2547327068910268	4.297652466674325E-5	6.225465230481416E-5
57	57	2.215588417773105E-5	3.303338754733863E-5	5.359707628807329E-6	1.7739887479982323E-5	9.769984665857392E-6	0.6826027426345453	4.312795625375673E-6	5.386697718170849E-6	2.925973787748984E-5	5.6296900355998827E-5	4.3027262724890445E-6	0.31711663481356445	3.7983276673467575E-5	5.502156586742624E-5
58	58	1.8486598911882625E-5	2.7562654750750987E-5	4.472074525389828E-6	1.4801945250913759E-5	0.7472828237673239	0.1838000803768211	3.598543947768867E-6	4.494594726012683E-6	2.441396759744971E-5	4.697344545200421E-5	3.590142202813709E-6	0.06869109978481742	3.169278172735834E-5	4.590932194514686E-5
59	59	0.0484717085773542	1.1603426192645373E-5	1.8826701256691028E-6	0.4072732588246252	0.5441597941922508	4.590547137761982E-6	1.514928060323691E-6	1.892150761265852E-6	1.027788047444613E-5	1.977505114240614E-5	1.5113910633124016E-6	9.52114623525261E-6	1.3342142001143874E-5	1.932707257563395E-5
60	60	1.3073691203293683E-5	0.18569862320706051	3.162643472806794E-6	0.814142042052376	5.76504921030033E-6	7.711528293728587E-6	2.5448841389841403E-6	3.1785697202567884E-6	1.7265516222733412E-5	3.321954046395888E-5	2.5389424392893433E-6	1.599430010812904E-5	2.241308115418382E-5	3.246699413582512E-5
61	61	5.84080563348702E-6	8.708368148700725E-6	1.412943408670008E-6	0.999920107202311	2.5755948630918307E-6	3.445204357393501E-6	1.1369530903258269E-6	1.4200586230635375E-6	7.71354645376639E-6	1.4841170413667024E-5	1.134298575046996E-6	7.145617616523385E-6	1.001327388214417E-5	1.4504962623191117E-5
62	62	3.6291972781548114E-6	5.410963481002978E-6	8.779354586861327E-7	0.9999503584364707	1.6003514674707517E-6	2.1406852172677037E-6	7.064482743858732E-7	8.823565126178775E-7	4.792828858134248E-6	9.221593500921926E-6	7.047988855465118E-7	4.439945040448053E-6	6.221769495315468E-6	9.012690059401111E-6
63	63	5.5774389592088E-6	8.31570074943573E-6	1.3492326417252447E-6	0.17305569383868222	2.4594591968934E-6	3.289857292150746E-6	1.085686951200651E-6	1.3560270253174793E-6	0.0012260363565574353	1.4171969974632678E-5	1.0831521301737223E-6	0.8256561685905502	9.561767222539259E-6	1.385092206674838E-5
64	64	6.221952354668404E-6	0.0639056272309088	1.5051462281478252E-6	0.25966887465137545	2.7436674884726197E-6	3.670024087242378E-6	1.211145927702615E-6	1.5127257518861219E-6	8.216900464157957E-6	1.5809643565595256E-5	1.2083181897797965E-6	0.6763572803988526	1.0666698554690915E-5	1.5451496250845363E-5
65	65	1.7397358973410882E-5	0.9997740410395276	4.208577588819974E-6	1.3929807005733131E-5	7.67163833468132E-6	1.0261847543546972E-5	3.3865158831725082E-6	4.229770887612064E-6	2.2975484040227926E-5	4.420574582927591E-5	3.378609173361545E-6	2.1283857495386088E-5	2.9825426689081555E-5	4.320432102804097E-5
66	66	4.5736275100942864E-5	0.6696245040452015	1.106401624982939E-5	0.2798511990894938	0.04998705718741428	2.697758223032066E-5	8.902881311077738E-6	1.1119731749252774E-5	6.0400722905539206E-5	1.1621339511244968E-4	8.882095198909205E-6	5.5953571062481324E-5	7.840867812980437E-5	1.1358072883981666E-4
67	67	3.478595544780392E-5	0.42949325387941145	8.415035450327032E-6	2.785259800861244E-5	0.04181936849329608	2.051852651931541E-5	6.771326085491643E-6	8.457411373517464E-6	0.5282968523234879	8.8389226623669E-5	6.755516648229169E-6	4.255699498547227E-5	5.9635831254835704E-5	8.638688140717234E-5
68	68	0.4290519717352414	0.21204820249982356	1.117569923459281E-5	0.3583829892920793	2.0371710121901313E-5	2.7249900784193838E-5	8.992749251919833E-6	1.1231977140391302E-5	6.101042311418297E-5	1.1738648258291046E-4	8.971753319465775E-6	5.651838059306444E-5	7.920015520351402E-5	1.1472724150953831E-4
69	69	0.395881419918443	3.419206891037744E-5	5.547705100514899E-6	0.0626541986666831	1.011267731683911E-5	1.3527065322325238E-5	4.464071539980463E-6	5.575641896100645E-6	3.028605444636925E-5	5.827157428690799E-5	4.453648993782646E-6	0.36331590806460073	0.17792509133638137	5.6951506078506275E-5
70	70	1.4689197009397034E-5	0.6932933610582342	3.5534488554264366E-6	0.2262878629993861	0.0016112724784849634	8.664435819134284E-6	2.8593534834454386E-6	3.5713430968289285E-6	1.9399002570963084E-5	3.732445312107369E-5	2.852677572562248E-6	0.07865292798905592	2.5182648078644105E-5	3.6478915231218204E-5
71	71	3.326875403560811E-5	0.999567901479208	8.048010784637706E-6	2.663779736599686E-5	1.467037894640948E-5	1.9623603927409202E-5	6.47599236913702E-6	8.088538467362124E-6	4.393573349561821E-5	8.453410010119792E-5	6.460872465918728E-6	4.070085701083329E-5	5.7034793961693885E-5	8.26190878600663E-5
72	72	9.851464896531847E-6	0.9998720480062202	2.383157951960219E-6	7.88792166340743E-6	4.344157976420926E-6	5.810895263086836E-6	1.917655570343193E-6	2.39515891368154E-6	1.3010145669182397E-5	2.503203813450654E-5	1.9131783003007215E-6	1.2052241682145016E-5	1.6889008527135345E-5	2.4464969231062042E-5
73	73	1.1703024934525667E-5	1.7448663074657027E-5	2.83106697609227E-6	9.370438292983255E-6	5.160632418785812E-6	6.903039585489782E-6	2.2780744986929952E-6	2.8453234908073914E-6	1.5455372451446722E-5	2.9736751795487698E-5	2.272755736103272E-6	0.9998448684945309	2.006325861061171E-5	2.906310360343644E-5
74	74	1.688390935106378E-5	2.517311953943158E-5	4.084369507760045E-6	1.3518695517064491E-5	7.445224669725287E-6	9.958988830688862E-6	3.2865693738233086E-6	4.104937327059661E-6	2.2297406774493145E-5	4.290109817923299E-5	3.2788960153602513E-6	0.9997761923698797	2.8945186527729773E-5	4.1929228506841966E-5
75	75	1.3844904133552728E-5	2.064210483006026E-5	3.3492068160968275E-6	1.1085409164001137E-5	6.105127649161056E-6	8.166428921233362E-6	2.6950060535587536E-6	3.3660725478724764E-6	1.8284003591871727E-5	3.5179150702926E-5	2.6887138548686008E-6	0.9998164764380723	2.373522175887373E-5	3.438221190369505E-5
76	76	1.8486598911882625E-5	2.7562654750750987E-5	4.472074525389828E-6	1.4801945250913759E-5	8.151955771392085E-6	1.0904336682503221E-5	3.598543947768867E-6	4.494594726012683E-6	2.441396759744971E-5	4.697344545200421E-5	3.590142202813709E-6	0.9997549476365086	3.169278172735834E-5	4.590932194514686E-5
77	77	1.5252158544504183E-5	2.2740255369291945E-5	3.689634313439959E-6	1.2212176875265828E-5	6.725678555893765E-6	8.996499177427919E-6	2.968937828009995E-6	3.7082143492805735E-6	2.014246678210482E-5	3.875490785679767E-5	2.9620060637240186E-6	0.9997978223297054	2.614776973991308E-5	3.787696483899952E-5
78	78	1.0376350708571381E-5	0.1394503011402304	2.510132550151548E-6	8.308189939352807E-6	0.8604195052014565	6.120499622527408E-6	2.019828212871318E-6	2.522772922823881E-6	1.3703325916591643E-5	2.6365744522463177E-5	2.0151123939889897E-6	1.2694384828232505E-5	1.7788854494046203E-5	2.5768462201522604E-5
79	79	6.57975880164088E-6	0.9999145413127791	1.5917028253971624E-6	5.2683151730795016E-6	2.901447853824936E-6	3.881076535751457E-6	1.2807954197678033E-6	1.5997182255780852E-6	8.689430594993963E-6	1.671881034631844E-5	1.2778050668326127E-6	8.04964988663911E-6	1.1280109473518789E-5	1.6340067017507584E-5
80	80	3.6006448936261026E-6	5.368393210461237E-6	8.710283800991732E-7	2.8829829022351086E-6	0.9999494537649688	2.1238435680561112E-6	7.008903558617626E-7	8.754146517850916E-7	4.755121706373318E-6	9.149043440006078E-6	6.992539434413637E-7	4.405014170515939E-6	6.1728202810777794E-6	8.941783527600524E-6
81	81	7.088311837714758E-5	0.7435279555950539	1.714726378202963E-5	5.675506037826019E-5	3.1257022922558304E-5	4.1810469928750956E-5	1.3797887748357729E-5	1.7233612929010954E-5	9.361041279223816E-5	1.8011016036144527E-4	1.376567295941414E-5	0.2556381241774365	1.2151955097795032E-4	1.7602999435232654E-4
82	82	0.04813575885266983	0.35285262852777255	5.918409639216299E-6	1.958911349862255E-5	1.078841896349351E-5	1.4430960612258882E-5	4.7623663395372945E-6	5.948213206148533E-6	3.2309806185008845E-5	6.216535318720096E-5	4.751247345869694E-6	0.5987482489576245	4.194269657266621E-5	6.07570763831036E-5
83	83	7.199822428317826E-5	0.8024196949576492	1.7417017928762705E-5	5.764790911959505E-5	3.174874636339832E-5	4.246821613149842E-5	1.4014950801891536E-5	1.7504725487252783E-5	9.508305573685567E-5	1.8294358400523252E-4	1.3982229222301106E-5	0.1967332659031435	1.2343124973071562E-4	1.787992303966046E-4
84	84	0.2712511103985482	0.041022413886233726	3.4918088425484164E-6	0.1624381715232209	6.365070860291443E-6	8.514137909356678E-6	2.809753617874491E-6	3.5093926809268695E-6	0.13248348566393509	3.667700331536319E-5	2.8031935108904286E-6	0.39268005621827173	2.4745816477845956E-5	3.584613257523745E-5
85	85	1.631221860129155E-5	0.607723894102305	3.946072374217863E-6	0.18357041008534447	7.193128666059538E-6	9.621776537421542E-6	3.175285827434148E-6	3.9659437652322935E-6	0.2085284341493721	4.1448462982361806E-5	3.1678722896063358E-6	1.995630122216228E-5	2.796509980466926E-5	4.050950090797652E-5
86	86	7.723453938750731E-6	1.1515308760243732E-5	1.868372964229115E-6	6.1840548872329215E-6	3.4057781645606194E-6	4.555686121680828E-6	1.5034235642608355E-6	1.8777816030507346E-6	1.0199829352053228E-5	1.9624877676108366E-5	1.4999134275139088E-6	9.448841818794755E-6	1.324082060896541E-5	0.9999073518571125
87	87	0.10832249410619839	2.8423749956998404E-5	4.611788278314496E-6	1.526437835882588E-5	8.406634070698338E-6	0.7581352547268913	3.7109674051939904E-6	4.635012040948176E-6	2.5176693490646586E-5	4.8440960430710795E-5	3.7023031781822082E-6	0.13331985217968126	3.2682907775261275E-5	4.734359224336471E-5
88	88	0.8433374827296312	7.882497241842743E-5	1.2789448415066054E-5	4.233129706457465E-5	2.3313345345252468E-5	0.15598107908234282	1.0291284710942122E-5	1.285385274073812E-5	6.98202092612621E-5	1.3433686180217642E-4	1.026725700677698E-5	6.467952455812533E-5	9.06365032001932E-5	1.3129363150247007E-4
89	89	0.513908493904908	0.2018446661405957	4.1377966213626164E-6	1.3695531838992886E-5	7.542614698582943E-6	1.0089261086079329E-5	3.329560566212826E-6	4.158633485668123E-6	2.2589076292278013E-5	4.346228194131478E-5	3.3217868335320245E-6	0.2840627118969661	2.9323814799713117E-5	4.2477699366407214E-5
90	90	0.011410211494532236	0.13859235027300149	1.942115955561632E-6	0.8499076222541299	3.5402011488780436E-6	4.7354949332065235E-6	1.562762332799553E-6	1.9518959448493293E-6	1.060240739289528E-5	2.039945385125018E-5	1.559113654129434E-6	9.821779060815487E-6	1.376342382475601E-5	1.9937330237338424E-5
91	91	0.1313837846888514	0.0032474896546787193	7.0940044925831525E-6	2.3480169105589502E-5	0.6151362543315689	1.7297433881107804E-5	5.708332181697037E-6	7.129728048504548E-6	3.8727618431848616E-5	7.451347941022518E-5	5.6950045825886045E-6	0.24992972615895817	5.027392425593336E-5	7.282547155269707E-5
92	92	4.708175173311975E-6	7.019669081728336E-6	1.1389499146923995E-6	3.769765952042187E-6	2.0761436952113158E-6	0.9999346071149836	9.164787614917783E-7	1.1446853693304282E-6	6.217760047277946E-6	1.19632178280179E-5	9.143390013769555E-7	5.759962164673332E-6	8.07153164371587E-6	1.1692206383446388E-5
93	93	8.741316159107317E-6	1.303289374692771E-5	2.114602988892416E-6	6.999042053369118E-6	3.854620476836049E-6	5.156073050616379E-6	1.7015574638594482E-6	0.9998755591074399	1.1544049312950474E-5	2.2211210387359194E-5	1.6975847315417685E-6	1.0694090277547427E-5	1.4985808171688513E-5	2.17080437394476E-5
94	94	7.769343663484148E-6	0.9998990908435909	1.8794741013250012E-6	6.220798108434467E-6	3.4260139585090523E-6	4.582754216312283E-6	1.512356315600947E-6	1.8889386425769408E-6	1.0260432725233863E-5	1.9741480978416566E-5	1.5088253230024322E-6	9.504983119507197E-6	1.3319492355804141E-5	1.9294262900901368E-5
95	95	5.727507786740166E-6	8.53944635574292E-6	1.3855356406628573E-6	0.13829098936711134	2.5256344003762875E-6	0.8616340459424742	1.1148988832404947E-6	1.392512836686916E-6	7.563921854210624E-6	1.4553286728335806E-5	1.1122958592942165E-6	7.007009496269064E-6	9.819039997142222E-6	1.4223600575645968E-5
96	96	6.155010615741827E-6	0.09818469038337994	1.48895241949942E-6	4.9282256074936135E-6	2.7141484786433557E-6	3.6305384434607936E-6	1.1981152566410755E-6	1.4964503954420484E-6	8.128495157543127E-6	0.6872442344002766	1.195317942238559E-6	0.21451430277184455	1.0551935967458812E-5	1.528525421473061E-5
97	97	2.0740519978964942E-4	0.8386930431227895	5.017318300861116E-5	1.6606626382032434E-4	9.145857620977502E-5	1.223381401299557E-4	4.037285224807361E-5	5.042584206892561E-5	2.7390564653579226E-4	5.270053667102024E-4	4.027859123233393E-5	2.537386693504265E-4	3.555682555446921E-4	0.15912822029056173
98	98	7.314897578488013E-5	1.0906170326623769E-4	1.769539506564683E-5	5.856929876010103E-5	3.225618828878714E-5	4.31469879203096E-5	1.4238952516407747E-5	1.7784504458774467E-5	9.660277334468497E-5	0.9991267383099962	1.4205707946045994E-5	8.949015646100657E-5	1.2540405805201398E-4	1.8165698813897303E-4
99	99	1.5221904493520173E-4	2.2695147993616265E-4	3.6823155864345034E-5	1.2187952905869498E-4	6.712337557546656E-5	8.978653798755955E-5	2.9630486683769585E-5	3.700858767075247E-5	2.010251235760868E-4	0.9981827898613125	2.9561306538792173E-5	1.8622415421996758E-4	2.609590324793287E-4	3.7801832416135253E-4
100	100	8.162944681549425E-5	1.2170568912078655E-4	1.974689727219595E-5	6.535948599223842E-5	3.5995785014591685E-5	4.814920124168977E-5	1.588973467741574E-5	1.9846337495234273E-5	1.078023426077712E-4	0.9990254973782571	1.5852635923002154E-5	9.986512987997218E-5	1.3994268241442612E-4	2.0271725328816192E-4
101	101	5.476681550227724E-5	8.165476162935908E-5	1.3248585183888574E-5	4.3850975968897016E-5	2.4150286369202597E-5	3.230425445545359E-5	1.066073826795779E-5	1.3315301602547575E-5	7.232673059340686E-5	0.9155803282756872	1.0635847977534462E-5	6.700149708976409E-5	0.08385974890226895	1.360070274034228E-4
102	102	6.674795846503092E-5	9.95180856824117E-5	1.6146931412103888E-5	5.344409923745342E-5	2.943355929510106E-5	3.937134220533141E-5	1.2992950358536442E-5	1.622824314623971E-5	8.814939421408325E-5	0.999203154461316	1.296261490711167E-5	8.165917816887685E-5	1.1443037675357757E-4	1.657608048380777E-4
103	103	6.056483290583255E-5	9.029933452753131E-5	1.4651177734946741E-5	4.849336241219823E-5	2.6707013091128923E-5	3.572422013766148E-5	1.1789362334292215E-5	1.4724957243780698E-5	7.998376960283023E-5	0.999276969393342	1.1761836974881756E-5	7.409476776157373E-5	1.0383024150562955E-4	1.504057304256586E-4
104	104	5.680613611556241E-5	8.469529332791502E-5	1.3741915179700453E-5	4.548382970315012E-5	2.5049556782458717E-5	3.350714951888989E-5	1.1057706086942634E-5	1.3811115879517088E-5	7.501991973062308E-5	0.9993218411892362	1.103188897099795E-5	6.949639355002005E-5	9.738646255412187E-5	1.4107144336392185E-4
105	105	6.439986975697922E-5	9.601719518910599E-5	1.5578907637439534E-5	5.1564019474456576E-5	2.839813274711451E-5	3.7986320008710806E-5	1.2535878700874598E-5	1.565735895203374E-5	8.504843649289507E-5	0.9992311862401819	1.2506610403151336E-5	7.87865360899798E-5	1.1040489520040101E-4	1.5992959916484708E-4
106	106	5.081434453273882E-5	7.57618121871699E-5	1.2292446912080545E-5	4.0686291151760155E-5	2.2407382296638E-5	2.997288596603588E-5	9.891362540493803E-6	1.2354348467842684E-5	6.710697661701982E-5	0.3942833505914967	9.868268559558609E-6	6.216606034336618E-5	8.711434361567336E-5	0.6052362128853128
107	107	1.1422722262915846E-4	1.7030744895108672E-4	2.7632592390888316E-5	9.146004105892921E-5	5.037028558905585E-5	6.73770280727505E-5	2.2235116509094252E-5	2.777174291730271E-5	0.05006815675395784	0.4245873359127889	2.2183202796028872E-5	1.3974511489062502E-4	1.9582717466658218E-4	0.5244153703627817
108	108	5.109801352406942E-5	7.618474939205045E-5	1.2361068992097504E-5	4.09134207010662E-5	2.253247058800327E-5	3.0140208370908675E-5	9.946580665622613E-6	1.2423316110752293E-5	6.748159855779743E-5	0.9993899854759812	9.923357763487353E-6	6.251309982197717E-5	8.760065586098756E-5	1.2689598366988502E-4
109	109	7.881785059031166E-5	1.1751373058787268E-4	1.9066746860849096E-5	6.310828264265537E-5	3.475596755633715E-5	4.6490778727046494E-5	1.5342438085547927E-5	1.9162762023855373E-5	1.0408926269156235E-4	2.002718846768762E-4	1.5306617138616044E-5	9.642543460882153E-5	1.3512257970678848E-4	0.9990545256641029
110	110	1.90169023489746E-4	2.835331238439E-4	4.6003596958016405E-5	1.522655133879515E-4	8.385801390329179E-5	1.1217136632862E-4	3.701771168369285E-5	4.6235259070753044E-5	2.511430252610216E-4	4.832091773146383E-4	3.6931284123850826E-5	2.3265200207563084E-4	3.2601915482092484E-4	0.9977187917477379
111	111	8.79006433853688E-5	1.3105575003536843E-4	2.1263956118851697E-5	7.038073996802169E-5	3.8761167512205296E-5	5.184827207272926E-5	1.7110466331159005E-5	2.1371035854467327E-5	1.1608427648776379E-4	0.18268314235733274	1.707051745843026E-5	1.0753728599991887E-4	1.5069380353766534E-4	0.8164857797279053
112	112	4.666903775372423E-5	6.958135356790021E-5	1.1289659923802178E-5	3.7367205565293727E-5	2.0579444249058138E-5	2.7527773104222034E-5	9.084449993065732E-6	1.1346511705901153E-5	6.163255777628323E-5	0.15817497403128974	9.063239961172986E-6	5.709470905987269E-5	8.000777395586409E-5	0.841383782252094
113	113	4.971047996059914E-5	7.411600171448665E-5	1.2025412145108178E-5	3.980244317955514E-5	2.1920615898309035E-5	2.9321770474004437E-5	9.676487690113594E-6	1.2085968983448603E-5	6.56491793215493E-5	0.10874372885072811	9.653895390890886E-6	6.081559696076117E-5	8.522191661446333E-5	0.8907862713809386
114	114	7.814495596776011E-5	1.1651047616268451E-4	1.8903967600362716E-5	6.256950590983839E-5	3.445924411748319E-5	4.609387124010839E-5	1.521145450749709E-5	1.8999163049479482E-5	1.0320061748484928E-4	1.985620959267641E-4	1.517593937609284E-5	9.560221809201072E-5	1.3396899258675141E-4	0.9990625974979783
115	115	6.0968242029024314E-5	9.090079867130578E-5	1.4748766029674988E-5	4.881636610712696E-5	2.6884902671884714E-5	3.5962171364982635E-5	1.186788870172497E-5	1.4823036967702098E-5	8.051652402180498E-5	1.5491699716674998E-4	1.1840180001907668E-5	7.458829682558135E-5	1.0452183206531457E-4	0.9992686439973751
116	116	8.464905416816867E-5	1.2620778252051394E-4	2.0477367445911636E-5	6.777724076295582E-5	3.732732824238087E-5	4.9930319303452864E-5	1.6477522069536875E-5	2.058048612617774E-5	1.1179012837716054E-4	2.1508865678783145E-4	1.643905097124528E-5	1.035593051099348E-4	1.4511939215897107E-4	0.9989845763659557
117	117	7.033841892693758E-5	1.0487129438128952E-4	1.701549608658229E-5	5.631892761643406E-5	3.101682915582064E-5	4.1489178477350095E-5	1.3691858244539894E-5	0.5609836722877012	9.289106604862335E-5	1.787261085932355E-4	1.3659891009290725E-5	8.60517327474674E-5	1.205857371993963E-4	0.4381896711738117
118	118	2.848613565008291E-4	4.247149656076661E-4	6.891052387448672E-5	2.2808425839303836E-4	1.2561408349054875E-4	1.680257225207083E-4	5.545022723083984E-5	0.12455369153570378	3.7619661466807764E-4	7.238172610741704E-4	5.532076412752331E-5	3.484982132616956E-4	4.883563946604061E-4	0.8720984580788862
119	119	6.674795846503092E-5	9.95180856824117E-5	1.6146931412103888E-5	5.344409923745342E-5	2.943355929510106E-5	3.937134220533141E-5	1.2992950358536442E-5	1.622824314623971E-5	8.814939421408325E-5	1.6960294324200675E-4	1.296261490711167E-5	8.165917816887685E-5	1.1443037675357757E-4	0.999199312322912
120	120	7.433710982026119E-5	1.1083315556911505E-4	1.798281537360628E-5	5.952062004025026E-5	3.278011462878505E-5	4.384780982960134E-5	1.447023099886622E-5	1.8073372140421812E-5	9.817185946915189E-5	0.12200884603494973	1.443644644820926E-5	9.094371475874114E-5	1.2744095368791018E-4	0.8772883157622854
121	121	7.494576919128125E-5	1.1174063823719261E-4	1.813005554908437E-5	6.0007964560961624E-5	3.3048512525880636E-5	4.420682809673632E-5	1.4588710742288857E-5	1.8221353779011187E-5	9.897567363923248E-5	1.90433135794508E-4	1.4554649569586692E-5	9.168834613272275E-5	1.2848441812850293E-4	0.9991009739440531
122	122	5.673825278624771E-4	8.459408245737301E-4	1.372549359186951E-4	4.542947652933187E-4	2.5019622563578E-4	3.3467108477186925E-4	1.1044492128819553E-4	1.3794611596853936E-4	7.493027093096038E-4	0.001441688238599545	1.1018705864326904E-4	6.941334536381807E-4	9.72700857371015E-4	0.9931938562811258
123	123	3.642019312204989E-4	5.430080534356705E-4	8.810372240304666E-5	2.9161107848441384E-4	1.6060055445118858E-4	2.1482483053675806E-4	7.089441717247663E-5	8.854738976432885E-5	4.809762028228247E-4	9.254173594205209E-4	7.07288955558247E-5	4.4556314642289296E-4	6.243751144205564E-4	0.995631147303889
124	124	1.0385854530648136E-4	1.548482357865065E-4	2.512431610179078E-5	8.315799508572385E-5	4.579805468032067E-5	6.126105460366456E-5	2.0216781973697106E-5	2.5250835603179244E-5	1.3715876954526732E-4	2.638989321904257E-4	2.016958059213211E-5	1.2706011765117138E-4	1.7805147515823218E-4	0.9987541453057214
125	125	2.1221375594082775E-4	3.164007893630177E-4	5.133641598456808E-5	1.699164033308395E-4	9.357898447175473E-5	1.2517447121925454E-4	4.13088708590582E-5	5.159493278268205E-5	2.802559727707563E-4	5.392236471601066E-4	4.12124244622986E-5	2.5962143719103145E-4	0.23220737973604694	0.7656107821584168
126	126	1.1422722262915846E-4	1.7030744895108672E-4	2.7632592390888316E-5	9.146004105892921E-5	5.037028558905585E-5	6.73770280727505E-5	2.2235116509094252E-5	0.9983738675869961	1.5085196175389687E-4	2.9024517905539894E-4	2.2183202796028872E-5	1.3974511489062502E-4	1.9582717466658218E-4	2.836700446403506E-4
127	127	1.8629849173451652E-4	2.777623419396831E-4	4.506728051902295E-5	1.4916643608303928E-4	8.215124221257703E-5	1.0988832975707336E-4	3.6264285989284795E-5	4.529422758644161E-5	2.460314827156627E-4	4.7337436599314317E-4	3.617961749939411E-5	2.2791680942739178E-4	3.1938364989803444E-4	0.9977652214386448
128	128	6.824083922345387E-5	1.0174390110279184E-4	1.650807269293173E-5	5.4639426693717716E-5	3.0091868482888094E-5	4.0251919238146835E-5	1.3283549891937384E-5	1.6591203040342275E-5	9.01209381761025E-5	0.14182434242019598	1.325253595966059E-5	8.34855623556054E-5	1.1698971956439929E-4	0.8575304580433819
129	129	1.0385854530648136E-4	1.548482357865065E-4	2.512431610179078E-5	8.315799508572385E-5	4.579805468032067E-5	6.126105460366456E-5	2.0216781973697106E-5	2.5250835603179244E-5	1.3715876954526732E-4	2.638989321904257E-4	2.016958059213211E-5	1.2706011765117138E-4	1.7805147515823218E-4	0.9987541453057214
130	130	1.324024495616703E-4	1.9740586263687152E-4	3.202934323432336E-5	1.0601267538936032E-4	5.8384937001956665E-5	7.809770171843769E-5	2.5773049754093483E-5	3.2190634650948936E-5	1.7485472199777404E-4	3.3642744519107935E-4	2.5712875807660305E-5	1.6198061285149984E-4	2.2698615111016435E-4	0.9984117415390942
131	131	1.36346958923978E-4	2.032869416948755E-4	3.298355552174414E-5	1.0917098546580529E-4	6.0124330278926925E-5	8.042437404680429E-5	2.6540875699812804E-5	3.3149652102511655E-5	1.8006396163229208E-4	3.464502296009355E-4	2.6478909062263572E-5	1.6680630940031995E-4	2.337484806677546E-4	0.998364424435902
