0	0	3.5694578757259628E-6	1.0918296879353352E-5	0.5527461469077946	1.0916160737226514E-5	2.2914965671780642E-5	1.842429117016534E-5	0.23252985754061606	0.21465367746287625	3.5749163787590535E-6
1	1	1.6834878969275444E-7	5.149471233839626E-7	4.883670847152982E-6	0.9999894051575459	1.0807542408413207E-6	8.689574796602429E-7	1.249765473755871E-6	1.6597922668075111E-6	1.6860623281469298E-7
2	2	7.94135109264841E-5	2.4291091776808832E-4	0.6787400744551965	2.4286339275111482E-4	5.098135179381699E-4	0.31873289233290375	5.895395166593583E-4	7.829574038302994E-4	7.953495202632407E-5
3	3	2.656397889588193E-5	8.125418984616211E-5	0.9990175883617507	8.123829263253711E-5	1.7053364563974263E-4	1.3711395367463643E-4	1.9720215233054136E-4	2.61900824042101E-4	2.6604601187675927E-5
4	4	2.9649428993738266E-6	9.069199842878164E-6	0.8245903304418154	9.067425472749275E-6	1.9034141072227367E-5	1.5303996624380244E-5	0.17532202827150375	2.9232103805961135E-5	2.9694769631932185E-6
5	5	1.3751626837189654E-5	0.13784792588562897	0.8616855633931961	4.205539725625407E-5	8.828176935447068E-5	7.098108052621644E-5	1.0208750808639735E-4	1.3558068295024028E-4	1.3772656164167063E-5
6	6	4.10546575439366E-6	1.2557843654443415E-5	0.8147131548945805	1.2555386738392413E-5	2.635599301181507E-5	2.119097607580183E-5	0.1851654908961311	4.047680011969186E-5	4.111743933896773E-6
7	7	1.5219790261453047E-5	4.6554461293996506E-5	0.999437128784691	4.654535301025398E-5	9.77069861909958E-5	7.855922582328464E-5	1.1298666548945501E-4	1.5005566849928635E-4	1.5243064740154733E-5
8	8	6.157364529518147E-6	1.883421412110265E-5	0.7807255237090578	1.883052924619455E-5	3.95286348053209E-5	3.178215877099202E-5	4.571022822537131E-5	0.2191074663807204	6.166780523243352E-6
9	9	1.2782778815952551E-5	3.910010396951208E-5	0.8842399751414635	3.909245411531083E-5	8.206202396994067E-5	6.59802264289313E-5	9.489510231699051E-5	0.11541330984236324	1.2802326556636846E-5
10	10	1.661340812722477E-5	5.0817274898925744E-5	0.9993855888246582	5.080733260454759E-5	1.0665364046331839E-4	8.57525930607956E-5	1.2333242143714867E-4	1.6379569098898914E-4	1.6638813760743834E-5
11	11	4.422161745980895E-5	1.3526556825192734E-4	0.3336434099363838	1.3523910382420146E-4	2.8389096644992434E-4	0.6649494051312145	3.282865935405513E-4	4.3599184062723275E-4	4.428924224806436E-5
12	12	6.33321570401314E-6	1.9372109621362284E-5	0.9997657796356656	1.9368319508315792E-5	4.065755235167954E-5	3.2689840932909216E-5	4.701568891091801E-5	6.244073669154103E-5	6.342900613692188E-6
13	13	1.3205680769637692E-5	4.0393681101376624E-5	0.9995116162932538	4.0385778161493955E-5	8.477694149764873E-5	6.816309817091595E-5	9.803458589429562E-5	1.301980659283389E-4	1.3225875222421487E-5
14	14	9.913700273460576E-5	3.0324135072347613E-4	0.7976420827731239	0.19899473037979543	6.364330645041407E-4	5.117104803340399E-4	7.359601658881667E-4	9.774161774116733E-4	9.928860548464756E-5
15	15	9.471629457372557E-7	2.897192401403239E-6	2.747647948074117E-5	0.9999403913612519	6.080532994870434E-6	4.888923333856556E-6	7.0314229746688475E-6	9.33831324603209E-6	9.486113706780002E-7
16	16	1.0845946880272088E-6	0.20868403242107567	3.1463270205639215E-5	3.3169210455632832E-6	0.791254673284589	5.5982978450932905E-6	8.051670561987796E-6	1.06932867120312E-5	1.0862532769783576E-6
17	17	1.795884479348085E-5	5.493271132260499E-5	0.16249094949703977	5.492196385163088E-5	1.1529098431053853E-4	0.43201263597325373	0.4050582630343849	1.7706068314133388E-4	1.7986307901938484E-5
18	18	1.101848544069708E-5	3.3703464052757815E-5	0.856050546200181	3.36968700399572E-5	7.07357319848569E-5	5.687356205943247E-5	8.179757455932349E-5	0.1436505927765016	1.1035335180431262E-5
19	19	1.2234268330446225E-5	3.7422314083568034E-5	3.549068555270921E-4	3.7414992485476234E-5	7.854073323515847E-5	0.9992557840453833	9.082314273813065E-5	1.206206709414594E-4	1.2252977275365712E-5
20	20	3.192602539120664E-6	9.765567644584485E-6	0.5535759789230684	9.763657031540292E-6	2.0495655120376126E-5	1.647909593537508E-5	0.2127788667287693	0.2335822602851456	3.197484745676946E-6
21	21	8.627971509634578E-5	2.6391333835151006E-4	0.4348099618201798	2.6386170425453354E-4	5.538927138064829E-4	4.4534566546486565E-4	0.5626396803813309	8.506530053505544E-4	8.641165616497425E-5
22	22	1.2309727156915651E-5	3.7653128369166866E-5	0.6664821994269904	3.764576161273907E-5	0.3331415769427734	6.353849947540814E-5	9.138332399149005E-5	1.2136463813519394E-4	1.2328551495333955E-5
23	23	2.519585771781359E-7	7.706936578907957E-7	7.3091274389361745E-6	7.7054287327597E-7	1.6175067328882337E-6	0.9999846732482913	1.8704567532001726E-6	2.484121796891613E-6	2.5234387844953985E-7
24	24	9.373760524514008E-7	2.867256144934662E-6	0.9999653331623641	2.866695172220025E-6	6.017703755392958E-6	4.838406819072569E-6	6.958768331019092E-6	9.241821849678252E-6	9.388095110335144E-7
25	25	1.0898151440301737E-5	3.333538509322411E-5	0.999596955303559	3.33288630943081E-5	6.996321985998793E-5	5.625244010250122E-5	8.090425492639062E-5	1.0744756476196086E-4	1.0914817162314178E-5
26	26	4.130958590175726E-6	1.2635821419990961E-5	0.7431884338977783	1.2633349247751949E-5	0.25668531113187665	2.1322561163945353E-5	3.066686388977972E-5	4.072814027941199E-5	4.137275753952161E-6
27	27	3.250212187510484E-8	9.941784668607296E-8	1.7228145786848083E-5	9.939839579068038E-8	2.0865493667622628E-7	1.6776456759651238E-7	0.26716032292641617	3.204464412342376E-7	0.732821520743487
28	28	0.6200317913418538	0.3799645712682874	1.7037354102818091E-6	1.796112038418137E-7	3.7703590752989033E-7	3.0314770885704917E-7	4.359977891275764E-7	5.790412472864362E-7	5.8820591770240715E-8
29	29	2.9387481904278554E-6	8.989075180002797E-6	8.525085859487938E-5	8.987316486097926E-6	0.9998249318368897	1.5168788712831448E-5	2.1816290043796783E-5	2.8973843705492666E-5	2.94324219665217E-6
30	30	3.760594582429014E-7	1.150294793309393E-6	1.090919997921461E-5	1.1500697405201696E-6	0.999977597250833	1.941087189480473E-6	2.7917404565192635E-6	3.707663011956028E-6	3.7663453764288556E-7
31	31	1.1711518930724577E-6	3.5823322489220145E-6	3.3974229147856774E-5	3.5816313730515554E-6	7.518482178680464E-6	6.045075816469414E-6	8.694242489993854E-6	0.9999342599120045	1.17294284743671E-6
32	32	8.42417105280879E-7	2.5767946763712535E-6	2.443788200504241E-5	2.576290531840176E-6	5.408092691080178E-6	4.348261997983676E-6	6.253824661305061E-6	0.9999527127309809	8.437053502985815E-7
33	33	1.9506746405962156E-6	5.966744974325757E-6	5.658759348342596E-5	5.965577593053697E-6	1.252280990064471E-5	1.0068699171661411E-5	1.4481160338589691E-5	0.9998905030822373	1.953657660374843E-6
34	34	3.970841177484963E-7	1.2146052522814622E-6	1.1519109423091122E-5	1.2143676172843978E-6	0.9999763447622627	2.0496091168910556E-6	2.947820542366751E-6	3.914950319000739E-6	3.976913485764218E-7
35	35	2.3448745458428584E-6	7.172527965789259E-6	6.802303408693126E-5	7.171124675577155E-6	1.5053467947620214E-5	1.2103420993960154E-5	1.740756944574286E-5	0.9998683755199526	2.3484603858405072E-6
