0	0	5.290374510575123E-6	5.316448815950293E-6	0.999784995475423	1.61489222384436E-5	2.2487934662424127E-5	2.7524817894711938E-5	5.291177109738585E-6	1.616355366207745E-5	1.0686927924298208E-5	1.61119926023421E-5	5.3070306296891284E-6	5.1254709916298775E-5	2.8096087093499388E-5	5.324547516962812E-6
1	1	1.995336611250388E-7	2.005170889716686E-7	5.07050300564492E-6	0.2954684844617018	8.481630034631237E-7	1.0381358966843351E-6	1.9956393224274158E-7	6.096303829792059E-7	4.030720038160053E-7	6.076856875706075E-7	0.7045191450879936	1.9331410090264352E-6	1.0596820905301912E-6	2.0082254248165256E-7
2	2	1.228945401037522E-4	1.2350024198009402E-4	0.0031229674805742847	3.7513683912125017E-4	5.223910675317013E-4	0.992521909401875	1.2291318435188323E-4	3.7547672471440635E-4	2.482555988717324E-4	3.742789696763137E-4	1.232814590438645E-4	0.0011906385815831405	6.526675370842906E-4	1.2368837348843655E-4
3	3	3.561610065352358E-5	3.579163928181094E-5	0.9985525367300574	1.0871851108851007E-4	1.513942997467847E-4	1.8530383485107843E-4	3.562150394823044E-5	1.0881701342625682E-4	7.19470237632342E-5	1.0846989170743225E-4	3.572823373855861E-5	3.450592965955446E-4	1.8914975941532248E-4	3.58461617262708E-5
4	4	3.988163309638879E-6	4.007819496136396E-6	0.9998379182504734	1.2173909244578344E-5	1.695259111636814E-5	2.0749659331820766E-5	3.98876835121574E-6	1.2184939183344995E-5	8.056369876129601E-6	1.2146069737291305E-5	4.000719570636785E-6	3.8638503403825174E-5	2.1180312181439767E-5	4.013924724068615E-6
5	5	1.829356491221284E-5	1.8383727148736562E-5	0.6865913198759399	5.584129377621885E-5	7.776093954526761E-5	9.517795797768793E-5	1.8296340216657908E-5	5.589188771762486E-5	3.6954285429981034E-5	0.12164774236463248	1.8351160040041414E-5	0.19125042152358762	9.715334746088539E-5	1.8411731614654988E-5
6	6	4.942763889928733E-6	4.967124950720506E-6	0.6923877824960417	0.10092110024254775	2.1010337016088326E-5	2.571626558666002E-5	4.943513753318426E-6	1.510150731562415E-5	9.984730066444724E-6	1.5053334139287216E-5	4.958325598072172E-6	4.7886955612810266E-5	0.206531577711965	4.974691516535457E-6
7	7	2.042197908517778E-5	2.0522631490403132E-5	0.8343441304111748	0.16488824435854868	8.680824588634739E-5	1.0625169432627305E-4	2.0425077289907376E-5	6.239478021249005E-5	4.12538314855699E-5	6.21957434748413E-5	2.0486275273567944E-5	1.9785416171108034E-4	1.0845691582927309E-4	2.055389421147593E-5
8	8	8.62747858648396E-6	8.670000247442378E-6	0.7784640157599901	2.6335466521030978E-5	3.667305109808248E-5	4.4887139182455E-5	8.62878745546525E-6	2.635932726923292E-5	1.7428112440409627E-5	2.6275242118385103E-5	8.65464118351802E-6	0.22126894302833355	4.5818758063085206E-5	8.683207510826884E-6
9	9	1.582033126025713E-5	1.5898303840003937E-5	0.8040726090802119	4.829172278779506E-5	6.724789993740773E-5	8.231019110313565E-5	1.5822731352086126E-5	4.833547658409699E-5	3.19581798186363E-5	4.818128843663927E-5	1.5870139704133294E-5	0.19543771361876533	8.401851401024429E-5	1.5922522188353326E-5
10	10	2.0225876239471698E-5	2.032556212607466E-5	0.9319602349121334	6.173969384260182E-5	8.597466634060093E-5	1.0523140831326866E-4	2.0228944693570295E-5	6.179563191712452E-5	4.0857689969762E-5	0.06727936982121129	2.0289555021220774E-5	1.959542594545701E-4	1.0741545409131341E-4	2.035652464565664E-5
11	11	6.764175216089368E-5	6.797513341744351E-5	0.0017188964794464998	2.0647713947941212E-4	2.8752658247642655E-4	0.9958840225900351	6.765201404567913E-5	2.0666421416178546E-4	1.3664108818226705E-4	2.0600496396753172E-4	6.785471422602154E-5	6.553332620037677E-4	3.59231384483358E-4	6.807868191398546E-5
12	12	8.096840772933915E-6	8.136747115758152E-6	0.8420629674477746	2.4715689174329322E-5	3.441745492872399E-5	4.212633100964658E-5	8.098069139208938E-6	2.4738082354095293E-5	1.6356186803390773E-5	2.465916890667747E-5	8.12233271950434E-6	7.844458350266641E-5	0.1576509719237393	8.149142059147297E-6
13	13	1.6185025530173727E-5	1.626479555351236E-5	0.9993422292292493	4.940495577232508E-5	6.879811550291282E-5	8.420762640693761E-5	1.6187480949525447E-5	4.944971819218463E-5	3.269488784738029E-5	4.929197566062825E-5	1.623598217087183E-5	1.5680530497013184E-4	8.595533000495218E-5	1.6289572189341606E-5
14	14	1.305092359158587E-4	1.311524678202821E-4	0.9946960132661862	3.983807758772024E-4	5.547590561409369E-4	6.790148684145789E-4	1.305290353843766E-4	3.9874172119685753E-4	2.636378190050649E-4	3.9746975179362883E-4	1.309201288260954E-4	0.0012644120023816512	6.931076148708047E-4	1.3135225618667127E-4
15	15	1.2021334694546111E-6	1.2080583420929502E-6	3.054833623403639E-5	3.669524696152844E-6	5.109940489575979E-6	6.254473055874325E-6	0.9999217984336444	3.672849399162217E-6	2.4283940045770685E-6	3.661133163288081E-6	1.2059182446568477E-6	1.1646623908081637E-5	6.384282736182999E-6	1.2098986124796295E-6
16	16	0.9999158423616996	1.300064751107797E-6	3.287491486053087E-5	3.948997779794977E-6	5.49911645760988E-6	6.730817273782003E-6	1.2938849014405484E-6	3.9525756940726096E-6	2.6133418702962295E-6	3.93996714302429E-6	1.2977616626362642E-6	1.2533637395420814E-5	6.870513333021577E-6	1.3020451775316437E-6
17	17	2.6283105086930408E-5	2.6412644821192024E-5	0.27519048256931644	8.022944677834137E-5	1.1172228898711069E-4	0.723878099660061	2.6287092479148818E-5	8.030213714159847E-5	5.309371749189179E-5	8.004597668477092E-5	2.636585433807298E-5	2.5463848055319745E-4	1.3958414628943073E-4	2.6452879970774376E-5
18	18	1.5138122094167367E-5	1.521273231646844E-5	0.6400322258737644	4.620927233905748E-5	6.434801541647886E-5	7.876078585305579E-5	1.5140418688502016E-5	4.625113937076534E-5	3.0580069408357556E-5	4.6103600171788375E-5	1.5185782683083859E-5	0.11513947867359059	0.24444012960798947	1.5235906313788779E-5
19	19	1.5138122094167367E-5	1.521273231646844E-5	3.84686439097585E-4	4.620927233905748E-5	6.434801541647886E-5	0.927208340415876	1.5140418688502016E-5	4.625113937076534E-5	3.0580069408357556E-5	4.6103600171788375E-5	1.5185782683083859E-5	1.4666259544822145E-4	0.07195090549077594	1.5235906313788779E-5
20	20	4.931192100828756E-6	4.955496128538631E-6	0.9997995929000646	1.505251426339075E-5	2.0961148506524875E-5	2.5656059756797465E-5	4.9319402086700966E-6	1.506615230744659E-5	9.961354240060515E-6	1.5018091912106133E-5	4.946717376561364E-6	4.777484470415033E-5	2.6188543450508818E-5	4.963044979830742E-6
21	21	1.391298940914156E-4	1.3981561404150672E-4	0.9943456636815069	4.246954230242033E-4	5.914031155381499E-4	7.238665222890735E-4	1.3915100139419486E-4	4.2508021022906277E-4	2.8105215373657214E-4	4.237242221480903E-4	1.395679281254284E-4	0.0013479314835058156	7.388901511391877E-4	1.4002859923034302E-4
22	22	1.6185025530173727E-5	1.626479555351236E-5	0.8456605462871819	4.940495577232508E-5	6.879811550291282E-5	8.420762640693761E-5	1.6187480949525447E-5	4.944971819218463E-5	0.15371437782991462	4.929197566062825E-5	1.623598217087183E-5	1.5680530497013184E-4	8.595533000495218E-5	1.6289572189341606E-5
23	23	2.8128551722411014E-7	2.826718698271354E-7	7.147962165819548E-6	8.586269148568701E-7	1.1956677774281632E-6	0.9999828838727907	2.813281908609891E-7	8.594048574309441E-7	5.682164925590897E-7	8.566633919019366E-7	2.8217111144254666E-7	2.725177123124033E-6	1.493849324706782E-6	2.83102472102758E-7
24	24	1.1508988888415205E-6	1.156571245122463E-6	0.999953226663266	3.513130615433949E-6	4.8921563045469625E-6	5.9879092240570675E-6	1.1510734909388895E-6	3.5163136205631147E-6	2.3248965547936465E-6	3.5050967272716687E-6	1.1545223580198184E-6	1.115024816724175E-5	6.112186453353333E-6	1.1583330837177713E-6
25	25	1.393619993702727E-5	1.400488632817049E-5	0.9994336230760449	4.254039267590339E-5	5.923897315773941E-5	7.250741221518378E-5	1.3938314188558789E-5	4.257893558902175E-5	2.8152102269491077E-5	4.2443110566426376E-5	1.3980076416033383E-5	1.3501801879621978E-4	7.40122814368718E-5	1.4026220378588858E-5
26	26	5.5263418001854764E-6	5.553579101328821E-6	0.7557700188587259	1.6869214800551766E-5	0.24402887770786927	2.875251106891931E-5	5.527180197787946E-6	1.688449883155228E-5	1.1163598415492548E-5	1.683063798689795E-5	5.543740834432409E-6	5.354083067287999E-5	2.9349260665021977E-5	5.562039029797632E-6
27	27	3.632929788733723E-8	3.650835160183069E-8	9.231916714808248E-7	1.1089555293053983E-7	1.5442590606564988E-7	1.8901446515607717E-7	3.633480938071738E-8	0.01819662464568857	7.338773224584533E-8	1.106419550523328E-7	3.644367638960207E-8	3.5196896192437053E-7	0.35453037120164765	0.6272709450102836
28	28	6.664227727547934E-8	0.5531204569667381	1.693498056032697E-6	2.0342623218134285E-7	2.8327808818268556E-7	3.467271631582578E-7	6.665238753060129E-8	2.0361054264722628E-7	0.18363534475460455	0.2632402009456329	6.685209261201368E-8	6.456500542803568E-7	3.539233796583247E-7	6.707275095224321E-8
29	29	3.6686318516206824E-6	3.6867131853744695E-6	9.32264196695636E-5	1.119853620473822E-5	0.9736472004434588	1.908719759569945E-5	3.6691884172946766E-6	0.02091206605830691	7.410893898094322E-6	1.1172927197474195E-5	3.6801821055741377E-6	0.0052607571322869215	1.9483346559129572E-5	3.6923292627300304E-6
30	30	4.630117981986511E-7	4.6529381263721417E-7	1.1765948167232391E-5	1.413348243993998E-6	0.9393005653081534	2.408962806516988E-6	4.6308204140755137E-7	0.0606722343852479	9.353163382965811E-7	1.4101161746605325E-6	4.644695361426418E-7	4.4857949767181695E-6	2.458960094697126E-6	4.660026082265215E-7
31	31	1.6741432188790424E-6	1.6823944535399472E-6	4.254293824582674E-5	5.110339278183965E-6	7.116324798260749E-6	8.710250500640463E-6	1.6743972020222588E-6	5.114969403822554E-6	3.381886836054623E-6	5.098652865486449E-6	1.679414061011639E-6	0.9999056383027496	8.89102909266504E-6	1.6849572939125397E-6
32	32	1.0756667177629353E-6	1.080968282411108E-6	2.7334592543116244E-5	3.2834836446667923E-6	4.5723649278975966E-6	5.596490468235042E-6	1.0758299064381632E-6	3.2864585825289345E-6	2.1729222875091346E-6	3.2759749171893564E-6	1.0790533273389148E-6	0.9999393709355214	5.712643920658953E-6	1.082614952815796E-6
33	33	2.426229877941642E-6	2.4381878704469658E-6	6.165478956845963E-5	7.406091488069087E-6	1.0313239424186156E-5	1.262321512920509E-5	2.426597959646729E-6	7.412801636302696E-6	4.901154687916868E-6	7.3891551093095355E-6	2.4338685760648417E-6	0.999863247560531	1.2885206108421269E-5	2.4419020328998904E-6
34	34	4.889129680739784E-7	4.913226398289665E-7	1.242414267417459E-5	1.4924118296371828E-6	0.9999697843272195	2.543721694125661E-6	4.889871407319627E-7	1.4937640009705495E-6	9.876385198471146E-7	1.4889989563216575E-6	4.904522527912218E-7	4.736733156198464E-6	2.596515861909078E-6	4.92071085887305E-7
35	35	2.953568256987208E-6	2.9681253059305587E-6	7.50553898524732E-5	9.015797277239761E-6	1.2554810600151196E-5	1.5366856968380642E-5	2.9540163408435677E-6	9.023965868766332E-6	5.966415235598502E-6	8.99517979529903E-6	2.9628672176943163E-6	0.999833524569146	1.568579139700386E-5	2.972646737482444E-6
