0	0	6.0246316388165035E-5	8.027397407772658E-5	8.385893833739427E-5	1.1085129209785301E-4	0.9992528554434708	4.093268586940614E-5	3.3446364958227604E-5	4.4683627085722066E-5	1.099048529097547E-5	2.946803336395787E-5	1.1699858629505377E-4	3.3469820708872316E-5	7.626518461704718E-5	1.4648078113066614E-5	1.1011169325739102E-5
1	1	1.166681429214477E-5	1.5545208474210654E-5	1.623944365353749E-5	2.146656453844209E-5	5.216318995566517E-5	7.926692836126193E-6	0.999809627791454	8.653069770270272E-6	2.1283284781133637E-6	5.706540970852772E-6	2.2656999806481303E-5	6.481494737137204E-6	1.4768898734828126E-5	2.8366283173380866E-6	2.1323339809700818E-6
2	2	3.8476479678393606E-5	5.126719968081381E-5	5.355674720428643E-5	7.079548997230604E-5	0.22036797079567713	2.614177514005921E-5	2.1360615200769066E-5	2.8537324314461183E-5	7.019104391865731E-6	1.881984252091605E-5	0.779229584705278	2.1375595281994414E-5	4.870697499877682E-5	9.355036351328632E-6	7.032314308935555E-6
3	3	2.4155969899734476E-5	3.218612884246896E-5	3.36235327194165E-5	4.444621075270306E-5	0.1135369309773019	1.6412102632234923E-5	1.3410436249430049E-5	1.7916055546687302E-5	4.406673267154816E-6	1.1815310372801005E-5	0.8862104098063015	1.3419840914155086E-5	3.057879077846797E-5	5.873197818575769E-6	4.4149666027661776E-6
4	4	3.982562441509513E-5	5.3064840036504576E-5	5.543466857883702E-5	7.327787306651562E-5	1.7806331355306755E-4	2.7058414048635114E-5	2.2109606839601533E-5	2.9537961098808684E-5	7.26522326307738E-6	1.9479744146399304E-5	0.9994053808164493	2.2125112184518086E-5	5.041484327335687E-5	9.683062671837728E-6	7.278896374551577E-6
5	5	2.0832922336968157E-5	2.7758401972101195E-5	2.8998067506526047E-5	3.833190969466144E-5	0.05817669723585801	1.4154350288682018E-5	1.1565612063968902E-5	1.545140995531075E-5	3.8004635011587394E-6	1.0189921762836908E-5	0.9416054009429873	1.1573722963702392E-5	2.6372179469110184E-5	5.065243686422408E-6	3.807615953220199E-6
6	6	1.5140044857167503E-5	0.04000995498390394	2.107395379864257E-5	2.7857197509359444E-5	0.766538512782927	1.028648284808489E-5	8.405152316934615E-6	1.1229103437628146E-5	2.7619355054891896E-6	7.405387976060113E-6	0.1933133480721015	8.41104680373828E-6	1.916562514300177E-5	3.6810974180437645E-6	2.7671334533957624E-6
7	7	3.013847622976214E-5	4.0157397242719495E-5	4.1950790874097856E-5	5.5453830743847044E-5	1.3475135724118665E-4	2.047675034847042E-5	1.6731686444874676E-5	2.2353174658942953E-5	5.498037051119755E-6	1.474150912987515E-5	0.9995500154387432	1.6743420283981156E-5	3.815198325039545E-5	7.327763430015797E-6	5.508384327558081E-6
8	8	1.1931652121791843E-4	1.5898086232494094E-4	1.6608080618537828E-4	0.2803561907694189	0.5783153181425562	8.106629541591035E-5	6.623979943418671E-5	8.849495303441401E-5	2.176641743483424E-5	5.83608001104563E-5	0.14030003925566736	6.628625303894239E-5	1.5104154185824957E-4	2.9010200585853146E-5	2.18073817164817E-5
9	9	5.158204539231752E-5	6.872944310853207E-5	7.179883888670018E-5	9.490931103485275E-5	2.3062714162792763E-4	3.504598765742878E-5	2.8636305402768557E-5	3.8257490562225976E-5	9.409898316605802E-6	2.5230114067199622E-5	0.999229850776541	2.865638788526709E-5	6.5297174177819E-5	1.2541477644379976E-5	9.42760769510456E-6
10	10	3.0819987629011834E-5	4.10654631905953E-5	4.289941023926685E-5	5.6707789885506454E-5	1.3779844513389002E-4	2.093978433451819E-5	1.7110034538982806E-5	2.2858639607580445E-5	5.622362345314127E-6	1.5074854002308759E-5	0.9995398400866238	1.712203371151381E-5	3.9014701434649624E-5	7.493463721911418E-6	5.63294360129376E-6
11	11	3.110130100403662E-5	4.1440293452896514E-5	4.329098008758246E-5	5.7225397483371665E-5	0.07316007839652099	2.11309148915561E-5	1.7266208565425994E-5	2.30672847612998E-5	5.673681176003201E-6	1.5212451658363736E-5	0.9265146177397464	1.7278317261937438E-5	3.937081310699288E-5	7.5618612694903274E-6	5.68435901374878E-6
12	12	3.603501391016626E-5	4.801411847120746E-5	5.015838628224248E-5	6.630327117378306E-5	1.6111521350919563E-4	2.4482989054153553E-5	2.0005210256323493E-5	2.672653234458969E-5	6.573717931368473E-6	1.7625658394345656E-5	0.9994619767834103	2.0019239799562446E-5	4.5616348903890187E-5	8.761426925435206E-6	6.5860896334925254E-6
13	13	6.739615490335765E-5	8.980063041187635E-5	9.381104666721817E-5	1.240067659129424E-4	0.24754461377505577	4.5790445007305094E-5	3.7415671676181586E-5	4.99865358291811E-5	1.229480063745715E-5	3.2965204519703345E-5	0.7517504565633862	3.744191107966046E-5	8.531609074763936E-5	1.6386464778760375E-5	1.231793938675386E-5
14	14	4.005973444949339E-5	5.3376775171451895E-5	5.576053445937117E-5	7.370862802983844E-5	0.4351790077133816	2.7217473607316814E-5	2.2239575443829846E-5	2.9711596369829704E-5	7.3079309843751624E-6	1.9594253426270237E-5	0.564401987744177	2.225517193500927E-5	5.0711200728293216E-5	9.73998336469509E-6	7.321684471553308E-6
15	15	8.613742691266859E-5	1.1477205561513716E-4	1.1989767350208095E-4	1.584901060130112E-4	3.851268092407211E-4	5.852368159238727E-5	4.7820082451542535E-5	6.388660573852808E-5	1.5713693056130643E-5	4.2132045946075994E-5	0.9987139193115937	4.7853618410717583E-5	1.090404718457205E-4	2.0943151938882648E-5	1.5743266142744475E-5
16	16	3.2433484485894545E-5	4.321533413090959E-5	4.514529250295803E-5	5.9676572412041285E-5	1.450125089675031E-4	2.2036029946756623E-5	1.8005783988402316E-5	2.4055341682980608E-5	5.916705875935166E-6	1.5864057094908146E-5	0.9995157496624862	1.80184113450649E-5	4.1057210305670966E-5	7.885763689971347E-6	5.9278410848712545E-6
17	17	3.096000530192428E-5	4.125202687979051E-5	4.309430569682908E-5	5.6965417918046694E-5	1.38424474509724E-4	2.1034915452320712E-5	1.718776679664747E-5	2.2962488238615744E-5	5.6479051878790745E-6	1.5143340271748767E-5	0.999537749543272	1.7199820482380583E-5	3.9191948348892754E-5	7.527507127931745E-6	5.65853451535233E-6
18	18	4.7286971182960354E-5	6.300655918111607E-5	6.582037605494157E-5	8.70065120870164E-5	2.1142354703508108E-4	3.212781881429697E-5	2.62518505822735E-5	3.507191000258002E-5	8.626365766375709E-6	2.3129282054723664E-5	0.9992939786730188	2.627026085980258E-5	5.986008445751055E-5	1.1497188361783428E-5	8.642600540789357E-6
19	19	0.10982622705509128	9.965637838046697E-5	1.0410694357107241E-4	1.3761668630695714E-4	3.344049457025956E-4	5.08160120138138E-5	4.152209529954193E-5	5.547262982090189E-5	1.3644172639090886E-5	3.6583182990334133E-5	0.8891318642759249	4.1551214515181906E-5	9.467965405691137E-5	1.818490278765759E-5	1.3669850899305626E-5
20	20	7.240888583704972E-5	0.12760008942815187	1.007884407963804E-4	1.332300302426401E-4	0.10657675355858769	4.9196205773401995E-5	4.019854104142957E-5	5.370438968565623E-5	1.3209252323422519E-5	3.541706101905937E-5	0.765162276465176	4.022673205579321E-5	9.166165464287379E-5	1.7605242600850275E-5	1.3234112065920294E-5
21	21	2.7030369071409302E-5	3.60160633252582E-5	3.7624508668576563E-5	4.973501314407625E-5	1.2085478015991069E-4	1.8365033291088613E-5	1.5006188645510966E-5	2.0047946563145485E-5	4.931037970436328E-6	1.3221253437377912E-5	0.999596421243248	1.5016712402560085E-5	3.421746276097496E-5	6.5720691541035615E-6	4.940318157625609E-6
22	22	1.846243406222644E-5	2.459989327437188E-5	2.5698502620594996E-5	3.3970287210310685E-5	8.254690877185606E-5	1.2543787888784417E-5	1.0249611008312898E-5	1.3693260736739719E-5	3.36802517002292E-6	9.03045456622201E-6	0.9997243453773876	1.0256799003789133E-5	2.3371403044192747E-5	4.488891479412682E-6	3.3743637754490827E-6
23	23	6.673615229429736E-5	8.89212234122918E-5	9.289236613347223E-5	1.2279238225617397E-4	2.983822748752841E-4	4.534202457118097E-5	3.7049264409158214E-5	4.949702356972872E-5	1.2174399102529322E-5	3.264238015350013E-5	0.9990035913567368	3.707524685324852E-5	8.448060031693141E-5	1.622599405869089E-5	1.2197311256778762E-5
24	24	3.054371763335703E-5	4.069735287615285E-5	4.2514860445702387E-5	5.619946194411187E-5	1.3656322154143984E-4	2.0752080361474925E-5	1.6956660396700912E-5	2.2653735039120585E-5	5.571963557377967E-6	1.4939723193696941E-5	0.9995439649545114	1.6968552008794747E-5	3.8664974123738E-5	7.426292403907932E-6	5.582449963107214E-6
25	25	7.240888583704972E-5	9.647974138751209E-5	1.007884407963804E-4	1.332300302426401E-4	0.11720205436581806	4.9196205773401995E-5	4.019854104142957E-5	5.370438968565623E-5	1.3209252323422519E-5	3.541706101905937E-5	0.88204058534471	4.022673205579321E-5	9.166165464287379E-5	1.7605242600850275E-5	1.3234112065920294E-5
26	26	4.509652790124424E-5	6.008794775793284E-5	6.277142204239258E-5	8.297616662189529E-5	2.0162991304639236E-4	3.063958298278894E-5	2.5035803364572288E-5	3.344729697027428E-5	8.226772295576452E-6	2.2057879526283807E-5	0.999326683234841	2.5053360834917507E-5	5.708722511459367E-5	1.0964611663050645E-5	8.24225503720697E-6
27	27	7.430650634119791E-6	9.90081870799906E-6	1.0342980462383588E-5	1.3672159117793286E-5	3.322298879675738E-5	5.0485491304075535E-6	4.12520246689601E-6	5.511182124398191E-6	1.3555427351026213E-6	3.634523634463586E-6	0.9998890561672742	4.128095448556148E-6	9.406383268060665E-6	1.80666233962275E-6	1.3580938593081623E-6
28	28	1.203776836284398E-5	1.6039478651053953E-5	1.6755787496708646E-5	2.214910814461091E-5	0.43282809474422157	8.178727273386678E-6	6.6828914709443975E-6	8.92819984219464E-6	2.1960000886294223E-6	5.887984212318863E-6	0.5670459962927211	6.687578145748189E-6	1.523848563046575E-5	2.926820789338408E-6	2.200132949096598E-6
29	29	2.7134245522940673E-4	3.6154471382006273E-4	0.15964517177267712	4.99261424870987E-4	0.001213192194607745	1.8435609260121592E-4	1.506385673074458E-4	2.012498988963387E-4	4.9499877200820765E-5	1.3272062099599415E-4	5.269481283988663E-4	1.5074420930102724E-4	3.434895887938263E-4	0.8362202474195932	4.959303570599232E-5
30	30	9.072439073773044E-5	1.2088386190078782E-4	0.5060173671737161	1.6692997250274239E-4	4.0563546390299393E-4	6.164016672545127E-5	5.036658280775924E-5	6.728867566250812E-5	1.655047381671308E-5	4.437564872778471E-5	1.761871280296184E-4	5.040190461354113E-5	1.1484706159132658E-4	0.49260021987354463	1.658162172026021E-5
31	31	1.016953986124786E-5	1.355019573220885E-5	0.9983502878301321	0.0015109928420437616	4.5468765188209825E-5	6.9094113222602835E-6	5.645725117284618E-6	7.542567812206542E-6	1.855186921983987E-6	4.974185276267292E-6	1.9749286900317926E-5	5.649684433064524E-6	1.2873514622727142E-5	2.472586262398712E-6	1.8586783738872855E-6
32	32	4.863691878525971E-5	6.480526929867864E-5	0.8565071594997844	8.949037242820533E-5	0.14295736927678723	3.304500320759761E-5	2.7001287940237152E-5	3.6073142258138454E-5	8.872631101024007E-6	2.3789576382560233E-5	9.445308992767862E-5	2.7020223794037805E-5	6.156896907129129E-5	1.1825409888218735E-5	8.889329345485436E-6
33	33	1.3518267186206762E-5	0.05556089614281087	0.9442478446086525	2.4873178550205942E-5	6.0441172838442966E-5	9.184611066783857E-6	7.504805688029136E-6	1.0026259628916943E-5	2.466081340346773E-6	6.61213452287171E-6	2.6252528698264166E-5	7.510068766724692E-6	1.7112633675660824E-5	3.286784081885558E-6	2.4707224922907692E-6
34	34	5.1975456155842614E-5	6.925363524717902E-5	0.9991953868286684	9.563317423639659E-5	2.3238611026105144E-4	3.5313279670724044E-5	2.8854711452535616E-5	3.85492763659522E-5	9.481666608329665E-6	2.5422541458620604E-5	1.0093654279365561E-4	2.8874947101988132E-5	6.579518876708057E-5	1.2637130157929649E-5	9.499511054371087E-6
35	35	2.135518981988908E-5	2.8454286615330095E-5	0.8461197388778096	3.9292865131828226E-5	9.548063380628107E-5	1.4509190419993466E-5	1.1855554252750083E-5	1.5838766508290338E-5	3.895738589049835E-6	1.0445376312331113E-5	4.1471863655391286E-5	0.15356153304832237	2.703331243776865E-5	5.19222597089023E-6	3.903070348319109E-6
36	36	4.632268521360844E-5	6.172171603139486E-5	0.9992828953238513	8.52322567953603E-5	2.0711215311628413E-4	3.147266150281176E-5	2.5716517264179083E-5	3.435671615768332E-5	8.450455081742745E-6	2.2657624817886517E-5	8.99588391174674E-5	2.5734552115414857E-5	5.863940488927892E-5	1.126273525246145E-5	8.466358793185114E-6
37	37	5.6735312133872634E-5	7.559580815169793E-5	0.9991217012259469	1.0439115674880074E-4	2.536677785319487E-4	3.854723157372523E-5	3.149719467365197E-5	4.2079577341263266E-5	1.0349987366343298E-5	2.7750710269216577E-5	1.1018020205424023E-4	3.15192834819633E-5	7.182064088893555E-5	1.3794424850005252E-5	1.036946598742515E-5
38	38	0.9972346201839348	2.3214094922031033E-4	2.4250815746833273E-4	3.2056621670402126E-4	7.789675159877421E-4	1.1837152278844586E-4	9.672214436342718E-5	1.292187128575715E-4	3.178292487884711E-5	8.521737356794244E-5	3.383433197622669E-4	9.678997506798486E-5	2.2054809859445968E-4	4.236016462979676E-5	3.184274017413928E-5
39	39	2.1156299445546232E-5	2.818927919725925E-5	0.9996724870073389	3.8926913214707176E-5	9.459138022621986E-5	1.4374059880841972E-5	1.1745138206662057E-5	1.5691253036083744E-5	3.859455844065927E-6	1.0348093880171386E-5	4.108561775654031E-5	1.1753375007085876E-5	2.678153918378112E-5	5.143868462681091E-6	3.866719319402444E-6
40	40	4.203658983057114E-5	5.6010795757766505E-5	0.9993492468107614	7.734597860030603E-5	1.879487035202785E-4	2.8560593073767655E-5	2.3337047131877337E-5	3.117779503468009E-5	7.66856050150841E-6	2.0561184581861394E-5	8.163522481862487E-5	2.3353413273877907E-5	5.321368137171916E-5	1.022062905021208E-5	7.682992691516474E-6
41	41	3.387903027809408E-4	4.5141422104546885E-4	0.7958985630297987	6.233633036005437E-4	0.001514756511638168	2.3018165874216727E-4	1.8808293669130837E-4	2.5127477424821036E-4	6.180410791340108E-5	1.6571110972845034E-4	0.19951467937970607	1.8821483821391229E-4	4.288711167265562E-4	8.237228625084177E-5	6.192042291522049E-5
42	42	2.9783297948714192E-6	3.968414719466485E-6	4.145640589996469E-6	5.480031408524195E-6	1.33163328866131E-5	0.9999517714603267	1.6534505552741342E-6	2.2089745211123434E-6	5.433243352391674E-7	1.4567782235625894E-6	5.783928319787633E-6	1.6546101109979417E-6	3.770236676261616E-6	7.24140662819352E-7	5.443468687434196E-7
43	43	3.5677229323263316E-6	4.753739570413552E-6	4.966037350055051E-6	6.564495899590061E-6	0.9999557548921179	2.423990225677567E-6	1.9806582446568547E-6	2.6461169845824022E-6	6.508448775087458E-7	1.7450656688415016E-6	6.928532139379454E-6	1.9820472693223774E-6	4.51634331206665E-6	8.674436435546347E-7	6.520697641007124E-7
44	44	7.398102717252158E-5	9.857450900777744E-5	0.32578289517589587	1.361227199346481E-4	3.3077464652143994E-4	5.0264353525582566E-5	4.1071331545886645E-5	5.487041910242026E-5	0.673085327446715	3.6186036055276564E-5	1.436714493226897E-4	4.1100134643400815E-5	9.365181198994447E-5	1.7987487532447395E-5	1.3521451035117004E-5
45	45	3.681366539293429E-5	4.905161673982497E-5	0.999430101008227	6.773596495712781E-5	1.645966219029365E-4	2.5012022171141795E-5	2.0437486671368187E-5	2.730404437472911E-5	6.715764087568644E-6	1.800651699697403E-5	7.149228476578803E-5	2.0451819367664688E-5	4.660203570842495E-5	8.950745516616022E-6	6.728403119801886E-6
46	46	0.08587080440158795	5.566741347071897E-5	5.815347062702019E-5	7.687179788806324E-5	1.8679645680088667E-4	2.8385498225775886E-5	2.319397598802613E-5	3.098665505140957E-5	0.913473678900841	2.0435131264985477E-5	8.113474826187158E-5	2.3210241795025306E-5	5.2887447199102426E-5	1.0157970005096842E-5	7.635890993244019E-6
47	47	1.1007262332108212E-5	1.4666401932715793E-5	1.5321390393805273E-5	2.02530100614403E-5	4.921428434051515E-5	7.4785785809610254E-6	0.9998203899721264	8.163891749226648E-6	2.0080091532153553E-6	5.38393702875617E-6	2.1376147274100284E-5	6.1150808686380925E-6	1.3933978776027047E-5	2.676267166492031E-6	2.0117882157436404E-6
48	48	0.9953204471157819	3.9282699691309833E-4	4.1037030108292136E-4	5.424595042045974E-4	0.001318162396708027	2.003073131784509E-4	1.636724138196813E-4	2.1866283862155702E-4	5.378280297037643E-5	1.4420413570268817E-4	5.725417711705944E-4	1.6378719637768924E-4	3.732096708346513E-4	7.168152071470739E-5	5.388402191902815E-5
49	49	4.0296613133136976E-5	5.3692399336552006E-5	0.9993761827584589	7.414447721907598E-5	1.8016913896101407E-4	2.737841424780793E-5	2.2371081092290116E-5	2.9887285099017572E-5	7.351143778856353E-6	1.9710116924178485E-5	7.8256183144533E-5	2.2386769807653016E-5	5.1011062987481404E-5	9.797577217221706E-6	7.364978592283488E-6
50	50	8.471734978168896E-7	1.1287990283908752E-6	1.1792101886656935E-6	1.5587720958572644E-6	3.7877753931320867E-6	5.755884963920688E-7	4.703171196121148E-7	6.283335965216452E-7	0.9999858605507311	4.1437449449827435E-7	1.64521430576099E-6	4.706469504052469E-7	1.0724281099178846E-6	2.0597879364753026E-7	1.5483719822201327E-7
51	51	3.1073432450392447E-6	4.14031605676525E-6	4.325218888072191E-6	5.717412023746586E-6	1.3893161568327108E-5	2.111198037704401E-6	1.7250737049955478E-6	2.3046615148066825E-6	5.668597231502202E-7	1.519882042714786E-6	6.03447295367745E-6	1.7262834896378745E-6	3.933553459510861E-6	0.9999483266367418	5.679265501291315E-7
52	52	3.603501391016626E-5	4.801411847120746E-5	0.9994421550292064	6.630327117378306E-5	1.6111521350919563E-4	2.4482989054153553E-5	2.0005210256323493E-5	2.672653234458969E-5	6.573717931368473E-6	1.7625658394345656E-5	6.998014048607066E-5	2.0019239799562446E-5	4.5616348903890187E-5	8.761426925435206E-6	6.5860896334925254E-6
53	53	1.3333127103181993E-5	1.7765452954167975E-5	0.9997935946988115	2.4532526728604596E-5	5.96133978282818E-5	9.058822781049307E-6	7.402023258223031E-6	9.88894450453328E-6	2.4323070039019737E-6	6.521577714245788E-6	2.589298591989935E-5	7.407214256169387E-6	1.68782667722816E-5	3.241769771292136E-6	2.4368845927247205E-6
54	54	2.4155969899734476E-5	3.218612884246896E-5	3.36235327194165E-5	4.444621075270306E-5	0.6842262242151792	1.6412102632234923E-5	1.3410436249430049E-5	0.10990218990880257	4.406673267154816E-6	1.1815310372801005E-5	4.691098972168853E-5	1.3419840914155086E-5	0.20562051051622499	5.873197818575769E-6	4.4149666027661776E-6
55	55	2.9359418990990006E-5	3.9119358332799606E-5	4.086639407004152E-5	5.4020390382453585E-5	1.3126813468232855E-4	1.994744155183815E-5	0.723795514806775	2.1775361686753258E-5	5.355916874536891E-6	1.436045206147852E-5	5.701610857431224E-5	1.6310615298267962E-5	0.275762581257853	7.138346184742925E-6	5.3659966815600625E-6
56	56	1.8664698389300316E-5	2.4869396246865098E-5	2.5980041356053268E-5	3.4342447092368584E-5	8.345124754422456E-5	1.2681210766381765E-5	0.9996954404377026	1.3843276610000465E-5	3.404923411191258E-6	9.129387286027638E-6	3.624691858506199E-5	1.036916688233869E-5	2.362744734981211E-5	4.5380693186580875E-6	3.411331458910717E-6
57	57	1.649603939472989E-5	2.1979810852267045E-5	2.2961409648700577E-5	3.0352184017712167E-5	7.375501271523571E-5	1.1207775663550291E-5	0.999730827338706	1.2234820598098665E-5	3.0093039574241217E-6	8.068640016513206E-6	3.20353741831434E-5	9.16436911081528E-6	2.0882164509169858E-5	4.010789175115362E-6	3.0149674514393316E-6
58	58	1.376399678229101E-5	1.8339556459996095E-5	1.9158584734136143E-5	2.5325313134785678E-5	6.153984804465602E-5	9.351565213831234E-6	0.13129027716138134	0.8684953385535208	2.5109087700259724E-6	6.732327231240267E-6	2.6729736552226163E-5	7.646583760783632E-6	1.7423700212749872E-5	3.3465299142272923E-6	2.515634286953798E-6
59	59	5.79429828524169E-6	7.720494434070974E-6	8.065284846294845E-6	1.0661323218187524E-5	2.5906736367300424E-5	3.936774989118312E-6	3.216764554971136E-6	0.9999065328150784	1.0570297719975307E-6	2.8341413289089977E-6	1.1252550339796467E-5	3.219020454151163E-6	7.334941867699088E-6	1.408805367381787E-6	1.0590190963968948E-6
60	60	0.22711528638222567	1.2969568432263062E-5	1.3548777818956155E-5	1.7909832360807453E-5	4.352042385906242E-5	6.613342326686825E-6	5.403805207353493E-6	0.7727374329594443	1.775691968944611E-6	4.761040918542331E-6	1.8903027897466087E-5	5.407594866039409E-6	1.2321883178877275E-5	2.3666356832489907E-6	1.7790338117698144E-6
61	61	0.39372147011146347	5.794207366850945E-6	6.052971512539695E-6	8.001290339461864E-6	1.9442926096551274E-5	2.9545375413937085E-6	2.4141719213714564E-6	0.6062127316563172	7.932975982549051E-7	2.127014365063433E-6	8.445004478855688E-6	2.4158649667792866E-6	5.504851349635049E-6	1.057304102457392E-6	7.94790580108371E-7
62	62	0.9999571122712556	3.600228078182433E-6	3.7610110609015763E-6	4.9715980664800216E-6	1.2080853173343215E-5	1.8358005402817953E-6	1.5000446112105362E-6	2.004027466153394E-6	4.929150972282537E-7	1.3216193958830652E-6	5.247299642587126E-6	1.5010965841947585E-6	3.4204368501826177E-6	6.569554169949163E-7	4.938427608151345E-7
63	63	0.14624619073852962	0.853693431045982	5.7800351877286715E-6	7.6405017954427E-6	1.856621937797984E-5	2.821313617178369E-6	2.3053137828000053E-6	3.079849828669376E-6	7.575267821358221E-7	2.0311045326087476E-6	8.064208289629218E-6	2.3069304865977034E-6	5.256630472849526E-6	1.0096288911443193E-6	7.589524435039279E-7
64	64	0.3215294659993007	0.6784031785626589	6.44796800982153E-6	8.523427549471026E-6	2.0711705850286645E-5	3.1473406922957917E-6	2.57171263518489E-6	3.435752988576213E-6	8.450655228128889E-7	2.265816145664526E-6	8.996096976444166E-6	2.5735161630234483E-6	5.864079374524711E-6	1.1263002006824032E-6	8.466559316245691E-7
65	65	1.295298794504482E-5	0.11786222070564195	1.802971339143825E-5	2.3833082855804205E-5	5.7913767524845234E-5	8.800547791314895E-6	7.19098507729838E-6	9.607002015743732E-6	2.362959796031002E-6	6.335641808675076E-6	2.5154754161282184E-5	7.196028075336391E-6	0.8819528850729721	3.1493440693396333E-6	2.3674068737779966E-6
66	66	0.22490477318994476	4.5374859298963985E-5	4.740126014361047E-5	6.265868657727338E-5	1.5225896833420392E-4	2.313719836836058E-5	1.890555589750562E-5	0.13494768879549035	6.21237118798278E-6	1.6656804189264234E-5	6.613344427392411E-5	1.8918814259228495E-5	0.6396753761638737	8.279825323423864E-6	6.224062837460927E-6
67	67	0.6803368361241637	3.451034634651793E-5	3.6051547709256344E-5	4.7655750536927635E-5	1.1580222644782631E-4	1.759724969986726E-5	1.4378827658673761E-5	0.0266235480775765	4.724886966984157E-6	1.2668514910651509E-5	5.029851557100861E-5	1.4388911450934783E-5	0.2926805079299221	6.2973118597979116E-6	4.733779179083251E-6
68	68	0.4391733206830467	4.583292520307931E-5	4.787978286344587E-5	6.329123526968008E-5	1.5379604510021974E-4	2.3370771802042623E-5	1.909641027565223E-5	2.551239503900974E-5	6.2750859923676016E-6	1.6824957086893195E-5	6.680107115831839E-5	1.9109802482494263E-5	0.5603242385276268	8.36341138256075E-6	6.286895670773475E-6
69	69	1.7074681043444763E-5	0.35580994550468503	2.376684103850354E-5	3.141686611393201E-5	7.634216234171908E-5	1.1600917655588396E-5	9.479185582814651E-6	1.2663988872568006E-5	3.114863150254638E-6	8.351668630250246E-6	0.20548773631656767	9.485833283203711E-6	0.43849174896765225	4.151478076578459E-6	3.1207253061083674E-6
70	70	1.0936602741885142E-5	0.0690227027017788	1.5223036858274828E-5	2.012299867908679E-5	4.8898360084355764E-5	7.430570885492526E-6	6.071568000132535E-6	8.1114847811522E-6	1.9951190176258278E-6	5.349375593518181E-6	2.123892606855765E-5	6.075825957169461E-6	0.9308211854684916	2.6590872414928633E-6	1.9988738209876086E-6
71	71	2.477059214870973E-5	3.300506970789797E-5	3.4479046755254406E-5	4.557709600072429E-5	1.1075115033222307E-4	1.682969064348459E-5	1.3751650140719695E-5	0.2399180654477041	4.5187962514605546E-6	1.2115938029807294E-5	4.8104588576301946E-5	1.3761294096858333E-5	0.7597137197040934	6.022634917020294E-6	4.527300601931023E-6
72	72	7.334679942348937E-6	0.2002002805721795	1.0209395526309553E-5	1.3495576119460564E-5	3.279389673274893E-5	4.9833445102011365E-6	4.071923345869249E-6	5.4400023600684E-6	1.3380352003767388E-6	3.587581884052748E-6	1.4243977650890686E-5	4.074778963176672E-6	0.7996950223538474	1.7833283621465658E-6	1.3405533754952005E-6
73	73	8.713247001655052E-6	0.9998645949029908	1.2128270852652728E-5	1.6032095344686422E-5	3.895757205837957E-5	5.919973598441511E-6	4.837249091062868E-6	6.462461160600073E-6	1.5895214637079103E-6	4.261874729383721E-6	1.6921160368794236E-5	4.840641427079892E-6	1.1030008655030319E-5	2.118508323004444E-6	1.5925129346341186E-6
74	74	1.2570693019071625E-5	0.9998046496435375	1.7497583818281766E-5	2.3129672439247908E-5	5.620449862390341E-5	8.540808125017179E-6	6.978750099587945E-6	9.32346063208653E-6	2.2932193203867795E-6	6.1486514612343004E-6	2.441233589294433E-5	6.983644258410649E-6	1.5913109403848213E-5	3.0563942215546755E-6	2.2975351469301678E-6
75	75	1.030798152596252E-5	0.9998398125017889	1.4348037174576514E-5	1.8966355780354567E-5	4.608774811477887E-5	7.003471665078455E-6	5.722582437716257E-6	7.645247545841703E-6	1.8804422599186982E-6	5.041900679288595E-6	2.00181411643959E-5	5.726595653109634E-6	1.3048766484602452E-5	2.506246483312097E-6	1.883981242233437E-6
76	76	1.376399678229101E-5	0.9997861055334268	1.9158584734136143E-5	2.5325313134785678E-5	6.153984804465602E-5	9.351565213831234E-6	7.641225011971175E-6	1.0208512923286167E-5	2.5109087700259724E-6	6.732327231240267E-6	2.6729736552226163E-5	7.646583760783632E-6	1.7423700212749872E-5	3.3465299142272923E-6	2.515634286953798E-6
77	77	1.1355758854263665E-5	0.9998235298931636	1.580647479587789E-5	2.0894232497740637E-5	5.077243807716314E-5	7.715354860792999E-6	6.304266846295318E-6	8.422365454678364E-6	2.0715839264185517E-6	5.554395701713603E-6	2.205292890765657E-5	6.308687993745246E-6	1.4375136894796375E-5	2.760999388886759E-6	2.0754826363312983E-6
78	78	7.725479287232645E-6	1.0293657126614832E-5	1.0753362695252263E-5	1.4214634394363882E-5	3.454118951990195E-5	5.2488622676525596E-6	0.999873940176199	5.729851320785248E-6	1.4093271018432818E-6	3.778731962996134E-6	1.5002911534612893E-5	4.291887407154036E-6	9.779603790211363E-6	1.8783459445247033E-6	1.411979447940482E-6
79	79	4.898776242161885E-6	6.527274373792853E-6	6.818776639775532E-6	9.013591347944807E-6	2.1902791050873373E-5	3.32833741689663E-6	2.7196062409589514E-6	3.633335677667373E-6	8.93663404852363E-7	2.3961183089850876E-6	9.513442966636343E-6	2.721513485764759E-6	0.999923546356291	1.1910712779730797E-6	8.953452746191266E-7
80	80	2.680744605730916E-6	3.571903410707485E-6	3.7314214389786733E-6	4.932484193971357E-6	1.1985807486926213E-5	1.8213574442543727E-6	1.4882430631176233E-6	1.9882608507177094E-6	4.89037105079095E-7	0.9999560801659455	5.2060166976486135E-6	1.4892867597414806E-6	3.3935266838552133E-6	6.517868434134224E-7	4.89957470305412E-7
81	81	5.2780559562614566E-5	0.3021266736089621	7.346709234896793E-5	9.711453871249236E-5	2.3598578716425497E-4	3.5860284812573E-5	2.930167292647059E-5	3.914640732018111E-5	9.62853827916894E-6	2.581633838222559E-5	1.025000568151063E-4	2.9322222027531185E-5	0.6971199233533723	1.2832880177159178E-5	9.646659136912395E-6
82	82	1.8215685937670343E-5	0.5319462985303789	2.535504534382642E-5	3.351627856597242E-5	8.144367964948202E-5	1.2376141730864232E-5	1.0112626237767117E-5	1.3510252017821067E-5	3.323011934424631E-6	8.90976366920409E-6	3.537493461626448E-5	1.0119718166581877E-5	0.4677936861679204	4.42889800562977E-6	3.3292658251812143E-6
83	83	5.36109976196585E-5	0.25181201734446446	7.46230078968993E-5	9.864251813346546E-5	2.3969873716339588E-4	3.642450287868628E-5	2.9762699193240805E-5	3.976232853633753E-5	9.780031645040527E-6	2.62225271392942E-5	1.0411277082825445E-4	2.978357160947085E-5	0.7474227257353049	1.3034789974419953E-5	9.798437612491439E-6
84	84	0.21290589006324784	0.5787737086996836	1.495896266029712E-5	1.977392478623881E-5	4.805011966150727E-5	7.301672685654277E-6	5.966244439201223E-6	7.970774760022166E-6	1.960509664751324E-6	5.256579912689755E-6	2.087049417026572E-5	0.1403590648198774	0.06782464997509306	2.612960024092855E-6	1.9641993334953828E-6
85	85	1.2145034865586976E-5	1.618240371231614E-5	0.17645133133570612	2.2346475073258763E-5	5.430134952420898E-5	8.251606518530889E-6	6.742441578131362E-6	0.5506982775376592	2.2155682712385565E-6	5.940451036369978E-6	2.35857060641296E-5	6.747170015095758E-6	0.2726867602808263	2.9529011906856266E-6	2.219737958921149E-6
86	86	5.7502952261838935E-6	7.661863456545513E-6	8.004035461479188E-6	0.9999135580903131	2.570999543436146E-5	3.906878333161773E-6	3.1923358021318233E-6	4.2648922444341135E-6	1.0490024766818017E-6	2.8126182933083333E-6	1.116709622390912E-5	3.1945745695626787E-6	7.279238853407961E-6	1.3981066178990865E-6	1.0509766937541486E-6
87	87	1.4194018671298259E-5	1.891253034521448E-5	1.9757147123272895E-5	0.002108950936304752	6.346250772875522E-5	0.0687431788217628	7.879956106285652E-6	0.9289546683675551	2.5893558773226447E-6	6.9426620721432884E-6	2.7564840772799888E-5	7.885482275893356E-6	1.7968060444555707E-5	3.4510839284498787E-6	2.59422903128846E-6
88	88	3.936551837655612E-5	5.24517811405429E-5	0.5372699944013598	7.243129269560195E-5	1.7600614541041367E-4	2.6745807783701144E-5	0.10399898969105922	2.9196708589468463E-5	7.18128802932348E-6	1.9254694368961135E-5	7.644799342012194E-5	0.3004002609935247	4.9832399829901975E-5	0.057774646481236515	7.194803175134934E-6
89	89	1.2735134034561644E-5	0.2373491386567025	1.7726474973871567E-5	2.343223863970249E-5	5.693972657154321E-5	8.652533004389576E-6	7.07004122820641E-6	9.445423624253745E-6	2.323217611906079E-6	6.229083819947187E-6	2.473168099974383E-5	7.074999408992386E-6	0.7624690768236518	3.096375833448925E-6	2.3275898950742846E-6
90	90	5.9772576722003675E-6	7.964274933303002E-6	8.319952365722293E-6	1.0997962628888234E-5	2.6724761323995187E-5	4.0610816614962065E-6	3.3183363488269945E-6	0.9999035815174385	1.0904062931155959E-6	2.9236315026220364E-6	1.1607858197718548E-5	3.3206634797439287E-6	7.5665482506341674E-6	1.4532894711803049E-6	1.0924584319498843E-6
91	91	2.1834136160499388E-5	0.6632462129876162	3.0391691769777198E-5	4.0174111054983466E-5	9.76220383335347E-5	1.4834597204736817E-5	1.212144626181915E-5	1.6193992536385002E-5	3.983110780865336E-6	1.0679641369363258E-5	4.240197935576966E-5	1.212994696499947E-5	0.3364421210383121	5.308675304722122E-6	3.990606974134114E-6
92	92	0.24690248214271895	4.6706029520317836E-6	4.879187924265994E-6	6.449691547692124E-6	1.567258164459551E-5	0.7530442608821968	1.946019151330079E-6	2.5998398979472995E-6	6.394624613276116E-7	1.714546778100295E-6	6.807361275076659E-6	1.9473838837911536E-6	4.437358440292602E-6	8.522732014019489E-7	6.406659262729674E-7
93	93	6.508130568473855E-6	8.671625683836143E-6	9.058892771418825E-6	1.197475175093995E-5	2.909833332378891E-5	0.9998946128686416	3.613055921734897E-6	4.8269653114260954E-6	1.187251230825638E-6	3.18329518261561E-6	1.2638815475939134E-5	3.6155897378572605E-6	8.238574722454069E-6	1.5823640456758097E-6	1.1894856313167358E-6
94	94	5.784461727060029E-6	7.707387912978444E-6	8.051592999631666E-6	1.0643224266258123E-5	2.5862756387839756E-5	3.930091812947143E-6	3.211303688073367E-6	4.290232933716043E-6	1.0552353295404545E-6	2.829330013594446E-6	1.1233447704643665E-5	3.21355575757766E-6	0.9999097237444481	1.4064137411173636E-6	1.0572212768086745E-6
95	95	0.8647730794443956	5.681812182315213E-6	5.935556859064638E-6	7.846082483185821E-6	1.9065775068260733E-5	2.8972258555740883E-6	0.13516160329158677	3.1627184232819762E-6	7.779093278147205E-7	2.0857548524268696E-6	8.281189520793198E-6	2.36900237254284E-6	5.39806905067493E-6	1.036794672576447E-6	7.79373349025202E-7
96	96	4.5825380731112655E-6	6.105909282835292E-6	6.378593758759491E-6	0.9999311125208931	2.048886679782977E-5	3.113478178860161E-6	2.5440433542981086E-6	3.398787422051445E-6	8.359733890345893E-7	2.241438031829234E-6	8.899307183245494E-6	2.5458274778231096E-6	5.800987232293804E-6	1.11418223843843E-6	8.375466864989387E-7
97	97	1.5447724635878678E-4	2.058300525779502E-4	2.150222395916764E-4	2.8423318445331146E-4	0.15936692922266912	1.0495527325579734E-4	8.575963924780274E-5	1.1457304086530364E-4	2.8180642497010108E-5	7.55588212288993E-5	2.999954274761474E-4	8.581978200819206E-5	0.8389128726934485	3.755905600561255E-5	2.8233678316051534E-5
98	98	5.446798527260715E-5	7.257475477286076E-5	7.581587874864563E-5	1.0021934796035802E-4	0.9993245154037411	3.700675933011968E-5	3.0238464742466086E-5	4.0397941118104406E-5	9.936368343430438E-6	2.6641701991195216E-5	1.0577704426235615E-4	3.02596708104428E-5	6.895045542319693E-5	1.324315494733291E-5	9.955068535714807E-6
99	99	1.1336210605377509E-4	1.510470234250682E-4	1.577926490992592E-4	2.0858264346039555E-4	0.7490723176645071	7.702073346188876E-5	6.293414433969756E-5	8.407866864295176E-5	2.0680178205596742E-5	0.24957727077493913	2.2014966130488777E-4	6.297827970682979E-5	1.4350390970072326E-4	2.756246496198463E-5	2.0719098190801934E-5
100	100	6.078367825560663E-5	8.098997092539177E-5	8.460691096722801E-5	1.1184002071897277E-4	0.9992461913514862	4.129778146091861E-5	3.374468695051819E-5	4.508217887667545E-5	1.10885139847465E-5	2.9730870967775222E-5	1.1804214518111849E-4	3.37683519127251E-5	7.694542540990411E-5	1.4778730393258371E-5	1.110938250898954E-5
101	101	4.077887525613322E-5	5.433497965483474E-5	5.676153150243288E-5	7.503182407559664E-5	0.9994942808706726	2.7706073848772274E-5	2.2638813892206664E-5	3.0244970384250473E-5	7.439120855081812E-6	1.9946003816234477E-5	7.919273810750656E-5	2.265469036710045E-5	5.162155358755637E-5	9.91483273875613E-6	7.453121240897688E-6
102	102	4.9701067674376774E-5	6.622317275669994E-5	6.918064073087416E-5	9.144837229301189E-5	0.9993836323215622	3.3768009605463674E-5	2.7592061189940653E-5	3.686240266401337E-5	9.066759363371121E-6	2.4310079159305605E-5	9.651967130722676E-5	2.7611411349751835E-5	6.291606406985755E-5	1.2084143317683343E-5	9.083822956188031E-6
103	103	4.509652790124424E-5	6.008794775793284E-5	6.277142204239258E-5	8.297616662189529E-5	0.9994407355111523	3.063958298278894E-5	2.5035803364572288E-5	3.344729697027428E-5	8.226772295576452E-6	2.2057879526283807E-5	8.757763673494073E-5	2.5053360834917507E-5	5.708722511459367E-5	1.0964611663050645E-5	8.24225503720697E-6
104	104	4.229750032546582E-5	5.635844061905294E-5	5.887535843296703E-5	7.782604555236033E-5	0.9994754476453075	2.8737861460746636E-5	2.3481894288630536E-5	3.137130773314135E-5	7.716157319510123E-6	2.0688802660932426E-5	8.214191403851912E-5	2.3498362011140514E-5	5.354396525054526E-5	1.0284065913058803E-5	7.730679086476085E-6
105	105	4.795244600252392E-5	6.389325751584645E-5	6.674667354837358E-5	8.823096443580264E-5	0.9994053178492738	3.2579957191815204E-5	2.6621295803492135E-5	3.5565480903757276E-5	8.747765573939124E-6	2.3454783020781487E-5	9.312384105839403E-5	2.6639965170910256E-5	6.070250210251667E-5	1.1658989575926388E-5	8.764228822143826E-6
106	106	3.783561439664607E-5	5.041329182223437E-5	5.2664704580495384E-5	0.19994193949479566	0.7996584585371588	2.570635702929263E-5	2.1004832218714478E-5	2.8062005872130347E-5	6.902194000080735E-6	1.8506378717043574E-5	7.34769137998613E-5	2.10195627913035E-5	4.789571031145175E-5	9.199218613916979E-6	6.915183892416083E-6
107	107	8.506225440214497E-5	1.1333946395786843E-4	1.1840110357602695E-4	0.21235152778785074	0.7867500846794625	5.779318550122161E-5	4.72231893245282E-5	6.308916930766781E-5	1.5517553800312304E-5	4.1606151230654946E-5	1.6519123672225388E-4	4.7256306685856625E-5	1.0767942215959618E-4	2.0681738264763546E-5	1.5546757753891653E-5
108	108	3.804685085413949E-5	5.069474952669959E-5	5.295873193561897E-5	7.000498669930584E-5	0.9995281620651195	2.5849875771634245E-5	2.112210232041311E-5	2.8218676215802998E-5	6.940728989739543E-6	1.8609699938161806E-5	7.388713584134633E-5	2.1136915133875453E-5	4.81631123435493E-5	9.25057790549184E-6	6.953791404720126E-6
109	109	5.8689764897528576E-5	7.819997882787687E-5	8.169232030499446E-5	1.0798728722090444E-4	0.8614777103606004	0.13783432378286778	3.2582229317192345E-5	4.352916038108239E-5	1.0706530067020125E-5	2.8706683724533207E-5	1.1397575710286602E-4	3.260507905429434E-5	7.42947622922285E-5	1.4269623641677022E-5	1.07266796995651E-5
110	110	1.416349059325642E-4	1.8871853830992693E-4	1.9714654032117323E-4	0.18731252648133373	0.8111915922423305	9.62299018470682E-5	7.863008128369758E-5	1.0504810415687528E-4	2.583786766830995E-5	6.927729998678775E-5	2.750555512369584E-4	7.868522412454342E-5	1.792941526842803E-4	3.4436614386014124E-5	2.5886494397605357E-5
111	111	6.54541820982033E-5	8.721308840156957E-5	9.110794733296035E-5	0.9221779286295787	2.926504912725074E-4	4.447102553793605E-5	3.6337565410536026E-5	4.854620895380758E-5	1.1940534603779513E-5	0.07687013992128643	1.271122822389382E-4	3.636304874405732E-5	8.285776759386934E-5	1.5914300320437742E-5	1.1963006626288265E-5
112	112	3.474880367727783E-5	4.630033391003759E-5	4.8368065627386556E-5	0.7139308640550801	0.28570213542020007	2.360910924570803E-5	1.9291157357470338E-5	2.577257296838596E-5	6.339079940315474E-6	1.6996539664303833E-5	6.74823150927867E-5	1.9304686139363076E-5	4.398814876239836E-5	8.44870227950355E-6	6.351010054990444E-6
113	113	3.7013614712018544E-5	4.931803512719349E-5	5.1520534695943264E-5	0.8908158188730944	0.10879326073300521	2.514787218087758E-5	2.054849060156955E-5	2.7452343247517287E-5	6.752240011443846E-6	1.8104317386427102E-5	7.188058713954298E-5	2.0562901144307975E-5	4.6855149469534654E-5	8.9993604929364E-6	6.764947691171489E-6
114	114	5.818863546368053E-5	7.753225914650882E-5	8.099478085675076E-5	0.9991252732992478	2.6016569467438803E-4	3.9534651733032964E-5	3.230402213473489E-5	4.3157481545160335E-5	1.0615111105633405E-5	2.8461568342189325E-5	1.1300256174709852E-4	3.2326676766679496E-5	7.366038775979709E-5	1.4147780788340266E-5	1.0635088688180103E-5
115	115	4.539694113873003E-5	6.0488227241962465E-5	6.318957765203591E-5	0.9993175657715619	2.029730828594851E-4	3.084369041073175E-5	2.5202580876984754E-5	3.36701081540974E-5	8.281575434851047E-6	2.220481941964042E-5	8.81610404382261E-5	2.5220255307476436E-5	5.746751510395407E-5	1.1037653084214705E-5	8.297161315697705E-6
116	116	6.303253134979172E-5	8.39864093105059E-5	8.773716762458228E-5	0.6753230424107103	0.3240112376325787	4.282570221673104E-5	3.499316097905364E-5	4.675011343359848E-5	1.14987629150539E-5	3.083084324795772E-5	1.224094268437796E-4	3.5017701489187403E-5	7.979222512624884E-5	1.5325508648981004E-5	1.1520403525598097E-5
117	117	5.2374914044085135E-5	6.978588475367702E-5	7.290246027576316E-5	0.6917922685141333	2.3417211603622804E-4	0.3074559848358703	2.907647462606346E-5	3.8845547215105475E-5	9.554538051901541E-6	2.5617926655325165E-5	1.0171229160305441E-4	2.9096865796802284E-5	6.630085834855787E-5	1.273425294817889E-5	9.572519641611529E-6
118	118	2.1219880836650923E-4	2.827399692354278E-4	2.953668846975563E-4	3.904390093744068E-4	9.487565733038807E-4	0.9965638329692208	1.178043607280441E-4	1.573841022908802E-4	3.871054733186609E-5	1.0379193184937643E-4	4.1209093071213377E-4	1.1788697627426407E-4	2.686202620475624E-4	5.1593274191663026E-5	3.878340037570656E-5
119	119	4.9701067674376774E-5	6.622317275669994E-5	6.918064073087416E-5	0.5762502206238891	0.42322486006996624	3.3768009605463674E-5	2.7592061189940653E-5	3.686240266401337E-5	9.066759363371121E-6	2.4310079159305605E-5	9.651967130722676E-5	2.7611411349751835E-5	6.291606406985755E-5	1.2084143317683343E-5	9.083822956188031E-6
120	120	5.535281641414634E-5	7.375372995968289E-5	7.704750591833458E-5	0.31687888943935416	0.4551068289405578	0.22746727913460776	3.07296878920384E-5	4.105420472279738E-5	1.009778441380771E-5	2.7074495814345335E-5	1.0749538986215882E-4	3.075123845209136E-5	7.007055395220267E-5	1.3458289688428648E-5	1.0116788390276551E-5
121	121	5.5806100812676906E-5	7.435769950070911E-5	7.76784482016896E-5	1.0268143768609746E-4	2.4951320596031514E-4	0.9990963234656923	3.098133340884385E-5	4.1390397742420646E-5	1.018047520410568E-5	2.7296208951015786E-5	1.0837566996884595E-4	3.1003060446505075E-5	7.06443619525994E-5	1.3568499667646807E-5	1.0199634804201311E-5
122	122	4.2288355000611003E-4	5.634625511769218E-4	5.886262873795739E-4	7.78092184476079E-4	0.9947556106103298	2.8731647923855116E-4	2.3476817167055415E-4	3.136452480748068E-4	7.714488975878114E-5	2.0684329445736833E-4	8.212415378123916E-4	2.349328132900813E-4	5.353238827903481E-4	1.0281842350841659E-4	7.729007603030251E-5
