0	0	2.1455775980094776E-5	2.7610675136312407E-5	3.374258371210058E-5	7.424126582063449E-5	1.0787697996975748E-5	1.0737097632260592E-5	1.0729014489798935E-5	1.0732618406768881E-5	1.0842041187153342E-5	0.9997891212296379
1	1	8.092474915232178E-7	1.0413918198089145E-6	1.2726690123844667E-6	2.8001577844863143E-6	4.0687959976193327E-7	4.04971105832192E-7	4.046662339521542E-7	4.048021628866422E-7	0.9999865630412857	5.892173503601334E-6
2	2	4.982185626119556E-4	0.9337947281054466	7.835270824719937E-4	0.0017239356329020192	2.5049811271945377E-4	2.4932313582747776E-4	2.491354394410888E-4	2.492191249873121E-4	2.517600007128383E-4	0.06194965480287926
3	3	1.44430930301518E-4	1.8586302820696108E-4	2.2714036354764403E-4	4.99759836194429E-4	7.261808004336495E-5	7.227746044721582E-5	7.222304825599142E-5	7.224730825391374E-5	7.298389470885101E-5	0.9985804560500402
4	4	1.617456579095592E-5	2.081447354499379E-5	2.543704971167385E-5	5.5967224841168166E-5	8.132371028991182E-6	8.094225639661477E-6	8.088132114092183E-6	8.090848948579531E-6	8.173337969810911E-6	0.9998410277704101
5	5	7.41886212929317E-5	9.54706985769432E-5	1.1667328027587925E-4	0.24342591246986162	3.730111845232904E-5	3.712615524901169E-5	3.7098205796356095E-5	0.1216217131861363	3.748902339502026E-5	0.6345170272409637
6	6	2.0046020865684642E-5	2.5796511410803508E-5	0.046963780025311604	6.936323184563307E-5	0.18539248417879278	1.0031614954074397E-5	1.0024062915751616E-5	1.0027430036793743E-5	1.0129663176289751E-5	0.7674883172606906
7	7	8.281970811450384E-5	1.0657773728413439E-4	0.1649449151498154	2.865727145464481E-4	4.1640721834801825E-5	4.144540345339793E-5	4.141420236796791E-5	4.142811355681499E-5	4.185048759450657E-5	0.8343713357614321
8	8	0.19663853279008014	4.502665245344774E-5	5.502638317191958E-5	0.1189023778539917	1.7592251043646676E-5	1.7509733501978504E-5	1.7496551758158192E-5	1.750242891675992E-5	1.768087227167743E-5	0.6842712544828106
9	9	6.415907788646694E-5	8.256403582010082E-5	1.0090024515933303E-4	0.1429223267627427	3.225838844727689E-5	3.2107078480960354E-5	3.208290750866618E-5	3.209368427990884E-5	3.242089056206584E-5	0.8566690869291126
10	10	8.202448235930534E-5	1.055543895381855E-4	1.2899640474519684E-4	2.8382107476730993E-4	4.124089219011981E-5	4.1047449234395284E-5	4.101654773836601E-5	4.1030325353503306E-5	4.144864380200305E-5	0.9991938197902717
11	11	2.7427249504289E-4	0.9956602632132528	4.3133665417169066E-4	9.490375566308417E-4	1.379008080688702E-4	1.3725397579893126E-4	1.3715064774159124E-4	1.3719671716831304E-4	1.3859548545422446E-4	0.001996992446669795
12	12	3.283744347871509E-5	4.2257338305497066E-5	5.164204671505994E-5	1.1362410627492852E-4	1.651025922202858E-5	1.6432816829925037E-5	1.642044581458813E-5	1.642596150509088E-5	1.659342990005791E-5	0.999677256151954
13	13	6.563800922656286E-5	8.446721997052181E-5	1.0322609739576263E-4	2.2712060824308563E-4	3.300197677845721E-5	3.284717896507949E-5	3.2822450827538805E-5	3.283347601420857E-5	3.316822473059779E-5	0.9993548747578483
14	14	5.290753475544606E-4	6.808482507232659E-4	8.320542319898999E-4	0.001830706265453923	2.6601252140018343E-4	2.6476477321466494E-4	2.6456545199639715E-4	2.6465432054280635E-4	2.6735256345958514E-4	0.9947999662736647
15	15	4.87546929493346E-6	6.274068062807917E-6	7.667442602527658E-6	1.68700965307104E-5	2.45132547972465E-6	2.4398273859381543E-6	2.4379906258547646E-6	2.438809556223201E-6	0.9999190464223681	3.549854809331172E-5
16	16	5.246786199837393E-6	6.751902583611775E-6	0.9999184810673654	1.8154927108091662E-5	2.6380190132044723E-6	2.625645221851481E-6	2.6236685736818465E-6	2.6245498739825586E-6	2.65130807348099E-6	3.820212598688798E-5
17	17	0.01258379122156754	0.4118849038642753	1.6762475255529508E-4	3.688121193906352E-4	5.359059705720859E-5	5.333922704692855E-5	0.08739372896124897	5.331697537020179E-5	5.386056049226463E-5	0.4873870317209958
18	18	6.139253032608502E-5	7.90038641437313E-5	9.654941381506944E-5	0.1439461857052032	3.086740265383097E-5	3.072261719241638E-5	3.0699488475507336E-5	3.0709800551009774E-5	3.1022897656859023E-5	0.8556628462799823
19	19	6.139253032608502E-5	0.9343484133208271	9.654941381506944E-5	2.1243040417502106E-4	3.086740265383097E-5	0.06471091250265511	3.0699488475507336E-5	3.0709800551009774E-5	3.1022897656859023E-5	4.470022388645503E-4
20	20	1.9999090744851008E-5	2.5736118707148907E-5	3.14517169758896E-5	6.920084426389114E-5	1.0055294731344993E-5	1.0008129749449218E-5	1.0000595391347037E-5	1.000395462955803E-5	1.0105948429106131E-5	0.9998034383063774
21	21	5.640066684238699E-4	7.258001253840717E-4	8.869892303653387E-4	0.0019515756052782024	2.8357555619902916E-4	2.8224542751244594E-4	2.8203294644187435E-4	2.8212768238642283E-4	2.85004072309191E-4	0.9944566426856994
22	22	6.563800922656286E-5	8.446721997052181E-5	1.0322609739576263E-4	0.4842982632292837	3.300197677845721E-5	3.284717896507949E-5	3.2822450827538805E-5	3.283347601420857E-5	3.316822473059779E-5	0.5152837321368076
23	23	1.1408077003123027E-6	0.999981949319625	1.7940996104223302E-6	3.947422260918771E-6	5.735839596298383E-7	5.70893528588835E-7	5.704637463627558E-7	5.70655367315287E-7	5.764733974144073E-7	8.306280803950652E-6
24	24	4.667679002835985E-6	6.006670124979639E-6	7.3406596732052424E-6	1.615110066102628E-5	2.3468510985635808E-6	2.3358430483240604E-6	2.334084570123122E-6	2.3348685980503427E-6	2.35867339611061E-6	0.9999541235698268
25	25	0.07944986890169409	7.273148266453976E-5	8.888403236057896E-5	1.9556484263311382E-4	2.841673613498323E-5	2.8283445676458378E-5	2.826215322587821E-5	2.827164659115559E-5	2.8559885868730208E-5	0.9200511568731506
26	26	2.241275319957077E-5	2.8842175089719662E-5	3.5247580966392354E-5	7.755259793937593E-5	1.126885427131745E-5	1.1215997013336142E-5	1.120755334403058E-5	1.1211318004030484E-5	1.132562129343111E-5	0.9997797155488788
27	27	0.15545527305725934	1.896073777303488E-7	2.317162758213034E-7	5.098278713626672E-7	0.3776768618118262	0.4668656393497156	7.36780355061389E-8	7.370278423983903E-8	7.445420977906372E-8	1.0727946445316677E-6
28	28	2.7028081046216784E-7	3.478147637341793E-7	4.250591020923683E-7	9.35225531547039E-7	1.3589383857981677E-7	1.35256420124405E-7	0.6446848713877044	0.35531077457464183	1.3657840582632078E-7	1.9679287815146584E-6
29	29	1.487867620876587E-5	1.914683932381364E-5	2.3399059440464202E-5	0.5260499509160603	7.480813822993938E-6	7.4457246030402655E-6	7.440119284474864E-6	7.442618448976248E-6	7.518498534633076E-6	0.47385529673427246
30	30	1.877832564730995E-6	2.4165159513819094E-6	2.9531871777337714E-6	0.9999743687412413	9.441509184285818E-7	9.397223201463505E-7	9.390148748340047E-7	9.393302935190726E-7	9.489070928163796E-7	1.3672597565030895E-5
31	31	6.789779340751738E-6	8.737525587453191E-6	1.0677996358861808E-5	0.9999073236909056	3.4138168231290086E-6	3.397804104162507E-6	3.395246156421748E-6	3.396386632581223E-6	3.4310139764885836E-6	4.9436740114664066E-5
32	32	4.362562395706997E-6	5.614026413284102E-6	0.4734138103616867	0.5265335041624386	2.193442253568971E-6	2.1831537770058213E-6	2.181510246919793E-6	2.18224302454876E-6	2.20449175176244E-6	3.176404601194224E-5
33	33	9.839973037721994E-6	1.2662711390474493E-5	0.3974139962690278	0.6024671690611008	4.947416375329811E-6	4.924210212804719E-6	4.920503150242332E-6	4.92215596605507E-6	4.972339059395277E-6	7.164536067932145E-5
34	34	1.9828795226044954E-6	2.551697145974635E-6	3.1183900477225565E-6	0.9999729349149197	9.969672257060102E-7	9.922908892676039E-7	9.915438690861671E-7	9.918769324611533E-7	1.0019894630325056E-6	1.4437449984469512E-5
35	35	1.1978659197822914E-5	1.5414910557722374E-5	0.3996564109564387	0.5987966889474552	6.022721245537471E-6	5.994471299006955E-6	5.989958518444487E-6	5.991970568402516E-6	6.053060793986513E-6	0.0014894543439250344
