0	0	1.9203001634461578E-4	2.366974240387334E-5	9.025148366363299E-5	6.854319110158071E-5	0.9990844930611518	6.872370701627276E-5	1.1290824797409823E-4	5.2015254189287975E-5	5.1888128996698796E-5	1.0456359943848474E-4	1.5091356771966232E-4
1	1	3.7191148559598356E-5	4.584204713757294E-6	1.7479331619879075E-5	0.25166927872060246	4.6458019859021445E-5	0.7481335386930318	2.1867349198537913E-5	1.0073982613465106E-5	1.0049361817126856E-5	2.025121090269624E-5	2.9227977081710733E-5
2	2	1.2264667180568773E-4	1.5117507062663016E-5	5.764225982778417E-5	4.377750116140014E-5	0.1921018532081066	4.389279395034209E-5	7.211279307805309E-5	3.3221357425676735E-5	3.3140164484747435E-5	6.67831920616967E-5	0.8074098125510353
3	3	0.0319771091484627	9.491255867389221E-6	3.6189659745636454E-5	2.7484919506601824E-5	0.06389640315189209	2.7557304017816344E-5	4.527472470023301E-5	2.0857433853485175E-5	2.0806458320694517E-5	4.1928630221317945E-5	0.9038968973134119
4	4	1.2694677687134122E-4	1.5647540758181483E-5	5.966325044931421E-5	4.5312380597868125E-5	1.5857794419757028E-4	4.543171565798192E-5	7.46411338984599E-5	3.438612875824389E-5	3.4302089118162914E-5	6.912467217083483E-5	0.999335966367522
5	5	6.640921003190914E-5	8.185641623229928E-6	3.121142125798537E-5	2.3704102414662876E-5	0.058163715613418286	2.3766529734730242E-5	3.9046747465722454E-5	1.7988291653949128E-5	1.7944328299804266E-5	3.6160940716378E-5	0.9415718671733833
6	6	4.82626302464607E-5	5.948882614356663E-6	2.268277672504888E-5	1.722686250315907E-5	0.8087142909131639	1.72722313106519E-5	2.8377068999309002E-5	1.3072919681515503E-5	1.3040969488094016E-5	2.6279820379133712E-5	0.19109354492488842
7	7	0.3229182124428367	1.1841712069183928E-5	4.515182569906256E-5	3.4291405435622596E-5	1.200082738067896E-4	3.438171556444507E-5	5.648675595753414E-5	2.6022660188062156E-5	2.595906085091287E-5	5.231201997641497E-5	0.6766753321276152
8	8	0.21042491150588957	4.687102217243248E-5	1.787167439220141E-4	1.3572980115599987E-4	0.7881424534321269	1.3608726028232408E-4	2.235818583888963E-4	1.0300104203972539E-4	1.0274930766852465E-4	2.070577154615997E-4	2.9884031089208956E-4
9	9	1.644166755535286E-4	2.0266104389999224E-5	7.7273590817794E-5	5.8686885661289946E-5	2.0538416999355534E-4	5.884144392849806E-5	9.667238032808284E-5	4.45356165388582E-5	4.442677156793914E-5	8.952766724100999E-5	0.9991399686939794
10	10	9.824276349501352E-5	1.2109465745180733E-5	4.617275639204504E-5	3.5066770501657125E-5	1.2272178822717638E-4	3.5159122638327004E-5	5.776398145198973E-5	2.6611060149474956E-5	2.654602276382279E-5	5.349485026021772E-5	0.9994861114183751
11	11	9.913942251388536E-5	1.2219988508261262E-5	4.6594173878404745E-5	3.538682395816047E-5	0.0822665960274159	3.54800189902591E-5	5.82911917328518E-5	2.685393856856563E-5	2.6788307588471137E-5	5.398309629730581E-5	0.9173386670105479
12	12	1.1486496324278366E-4	1.4158328697467198E-5	5.398496313735569E-5	4.099989822579066E-5	1.4348572039627922E-4	4.1107875896680555E-5	6.753736733572658E-5	3.1113522636973594E-5	3.103748124067551E-5	6.254591982370293E-5	0.9993991639593665
13	13	2.148159753020837E-4	2.6478354251203516E-5	1.009605730120378E-4	7.667641094389776E-5	0.24747317287142961	7.687834657359917E-5	1.263057508919776E-4	5.81872968192922E-5	5.804508716503428E-5	1.1697094038759272E-4	0.7516715083932237
14	14	1.2769294890130695E-4	1.573951439894069E-5	6.001394110723645E-5	4.557871923084939E-5	1.5951003896551871E-4	4.569875572258867E-5	7.507986206291266E-5	3.458824470108666E-5	3.450371108998584E-5	6.953097549121532E-5	0.9993320632883282
15	15	2.745393303202553E-4	3.383989311728523E-5	1.2902973377327414E-4	9.799406437205601E-5	3.429459469277173E-4	9.825214235004653E-5	1.614214036768808E-4	7.436458801283318E-5	7.418284108646914E-5	1.4949131970181135E-4	0.9985639387366614
16	16	1.0338561196769753E-4	1.274337653104521E-5	4.8589824899106045E-5	3.690245875696116E-5	1.291460737286853E-4	3.699964537739478E-5	6.0787831690094966E-5	2.800410575586383E-5	2.793566376912381E-5	5.629521844174984E-5	0.9994592101890822
17	17	9.868905635308697E-5	1.216447608777389E-5	4.6382507936914606E-5	3.522607026760258E-5	1.2327928331045112E-4	3.531884193745289E-5	5.8026389098708856E-5	2.6731947690378428E-5	2.666661485578232E-5	5.373786428756698E-5	0.9994837769481743
18	18	1.5072771146385294E-4	1.857879393746548E-5	7.083996475021978E-5	0.006991947401754702	1.8828434408986046E-4	5.394243712027661E-5	8.862365450194997E-5	4.082768087199504E-5	4.072789808952638E-5	8.207379422132578E-5	0.9922734263191987
19	19	2.3838826794277265E-4	2.938389009031178E-5	1.1203922844660089E-4	8.509030471909574E-5	2.977871702051748E-4	0.10981780802566833	1.4016559589671162E-4	6.457233399665376E-5	6.441451932241637E-5	1.2980645335815052E-4	0.8890205442103538
20	20	2.307906963576421E-4	2.844740856654676E-5	0.11696724981893118	8.237842763352081E-5	0.1277706034435059	8.259538014151128E-5	1.3569843751770367E-4	6.251437647134338E-5	6.236159144179046E-5	0.06386682290790534	0.6907105375115276
21	21	8.616360949462726E-5	1.0620581511932708E-5	4.04957190689842E-5	3.075523745721851E-5	1.0763288675023357E-4	3.0836234704821605E-5	5.0661778675808107E-5	2.3339174442846142E-5	2.328213354028471E-5	4.691754612571452E-5	0.9995492950982274
22	22	5.885311472606063E-5	7.2542724921270786E-6	2.766015971545225E-5	0.002730074507186657	7.351747065103601E-5	2.1062354159104268E-5	3.4603975972240864E-5	1.5941568826477913E-5	1.5902607659435168E-5	3.204651872173595E-5	0.9969830834498895
23	23	2.1271263169131405E-4	2.621909477499535E-5	9.997203025637966E-5	7.592564350758954E-5	2.6571396824552667E-4	7.612560190996453E-5	1.2506904401406258E-4	5.761756321907598E-5	5.747674599276599E-5	1.1582563413295322E-4	0.9988873420422554
24	24	9.736217862426514E-5	1.200092429185941E-5	0.07623428550945359	3.47524545513395E-5	1.2162178914144706E-4	3.484397890292436E-5	5.7246222318072514E-5	2.6372535741889536E-5	2.630808130948299E-5	5.301535686929241E-5	0.9233021909687957
25	25	2.307906963576421E-4	2.844740856654676E-5	0.20195545443370327	8.237842763352081E-5	0.07465297555927335	8.259538014151128E-5	1.3569843751770367E-4	6.251437647134338E-5	6.236159144179046E-5	1.2566944682628037E-4	0.7225811142420671
26	26	1.4374637733462016E-4	1.7718270235911663E-5	6.755883310679959E-5	5.130882973068631E-5	1.795634797933838E-4	5.144395708880547E-5	8.451882641278885E-5	3.893664385484085E-5	3.884148276361922E-5	7.827233943143878E-5	0.999248090960247
27	27	2.368745454740921E-5	2.919730769248328E-6	1.1132779957077227E-5	8.454999664424076E-6	2.9589627542954522E-5	8.477266821432896E-6	1.3927556966481757E-5	6.416231133207637E-6	6.4005498752532406E-6	1.2898220581139147E-5	0.9998760955821414
28	28	3.837363285665641E-5	4.729958483093857E-6	1.8035083081290802E-5	1.3697083925855975E-5	0.4098472908468608	1.373315667930898E-5	2.2562616702958203E-5	1.0394282650184032E-5	1.0368879041101927E-5	2.0895093649433005E-5	0.5899999193660693
29	29	8.644599544856699E-4	0.3582341267653954	0.15957409453477372	3.085603229530548E-4	0.0010798563445403244	3.0937294997027376E-4	5.082781367345458E-4	2.3415664449217335E-4	0.4777370148721142	4.7071310065003154E-4	6.793663738906785E-4
30	30	2.8915595418161266E-4	3.564154750548129E-5	0.2929589026804689	1.0321132186992028E-4	3.61204576411413E-4	1.0348314006038523E-4	1.7001556735450388E-4	7.832379928620676E-5	0.7055153676787911	1.574503191940531E-4	2.2724341487644677E-4
31	31	3.241829047272615E-5	3.9958991790445885E-6	0.28951099757463744	1.1571384106279198E-5	4.0495914778322784E-5	1.1601858599115436E-5	0.12089100266717312	8.781156464075377E-6	0.5894460058877767	1.765230875878966E-5	2.547705805446397E-5
32	32	1.550302005326826E-4	1.9109121486737363E-5	0.21415869740651272	5.5336477410688856E-5	0.1072365765442471	5.548221201503231E-5	9.115339704916445E-5	4.199309796054118E-5	0.6779803690140922	8.441657246061003E-5	1.2183595623246332E-4
33	33	4.309297486905969E-5	0.27969468059785235	0.6030384669731622	1.538160579169472E-5	5.383039674192595E-5	0.003982647206125222	2.5337457055284975E-5	1.167261287716693E-5	1.1644085031188734E-5	0.055564616132314594	0.05755862995817923
34	34	1.6567051362222635E-4	2.0420653270779327E-5	0.8313095431675558	5.9134430602383706E-5	2.0695042530299298E-4	5.9290167527648285E-5	9.740960184310801E-5	4.4875244202787976E-5	4.47655691824371E-5	9.02104033260851E-5	0.16790172982356372
35	35	6.807396263775594E-5	8.390840092181032E-6	0.11283843623248384	0.2538387937197453	8.503586553771396E-5	2.4362311438635723E-5	4.0025575169924476E-5	1.8439223917580262E-5	0.6329878765154403	3.706742673328042E-5	5.349832680346377E-5
36	36	1.4765436847576527E-4	1.819997171877527E-5	0.9991810051642122	5.2703748028928194E-5	1.8444522012880945E-4	5.284254905540859E-5	8.681661527540673E-5	3.999520311784352E-5	3.9897454909587214E-5	8.040030686106453E-5	1.1603939821617453E-4
37	37	1.8084045357632904E-4	2.229050975379631E-5	0.7159718823631382	6.454918873794286E-5	2.259002399482301E-4	6.471918601499392E-5	1.0632909981896721E-4	4.898433244726758E-5	0.283073914078968	9.847069281134991E-5	1.4211985478493653E-4
38	38	5.551775643707807E-4	0.9967281009591389	2.609258689605374E-4	1.9816507134845908E-4	6.935104536900442E-4	1.9868696051847845E-4	3.2642879119032867E-4	1.503811887362037E-4	1.5001365736722663E-4	3.02303595881184E-4	4.3630588879786956E-4
39	39	6.74399905205782E-5	8.312696284298904E-6	0.999625930444645	2.407202918654749E-5	8.424392739246653E-5	2.4135425481602728E-5	3.965281739810556E-5	1.8267499613996685E-5	1.8222853876073322E-5	3.672221816756965E-5	5.300009743360117E-5
40	40	1.3399368979317877E-4	1.651614774357634E-5	0.9129066952564054	4.7827705588576297E-5	1.673807274712004E-4	4.7953665029378354E-5	7.878452047299852E-5	3.629492913152176E-5	0.006204069197718854	7.296183572507085E-5	0.08028752232492013
41	41	0.0010791716998026872	1.330193926455703E-4	0.7953127638092398	3.851995300476746E-4	0.0013480675430172467	3.862139947142299E-4	6.345226033272026E-4	2.923157084900005E-4	2.9160128939664375E-4	5.876272860437154E-4	0.19954949714327536
42	42	9.494427877392474E-6	1.1702892412753516E-6	4.462251364569309E-6	3.388940941568245E-6	1.1860142425316644E-5	3.397866084446374E-6	5.582456521948203E-6	0.9999454467428275	2.5654744389954683E-6	5.16987694094463E-6	7.461531336137354E-6
43	43	1.1373301254902422E-5	1.4018803732333156E-6	5.345296177897152E-6	4.0595859762446045E-6	0.999945777559078	4.0702773354298915E-6	6.687181216857977E-6	3.0806910659396214E-6	3.0731618622248775E-6	6.192955348067264E-6	8.93811031108607E-6
44	44	0.07621480969453191	0.9226313162120771	1.1082313851255205E-4	8.416672228739987E-5	2.9455494533897093E-4	8.438838446297359E-5	1.3864421831643678E-4	6.387145657648483E-5	6.371535484546782E-5	1.283975154040779E-4	1.8531235764668983E-4
45	45	1.173467765205376E-4	1.4464238586437508E-5	0.9993491123563849	4.1885756619252694E-5	1.465859239395903E-4	4.199606729413049E-5	6.899660373180736E-5	3.178577248077433E-5	3.170808810700371E-5	6.389730922831803E-5	9.222110710721068E-5
46	46	1.3317230128699725E-4	0.9317845685547378	6.258916185521034E-5	4.7534519187723185E-5	1.663546746330902E-4	0.06747824977340174	7.830156713630462E-5	3.607243926899674E-5	3.5984278288901465E-5	7.251457575822479E-5	1.0465815444493679E-4
47	47	3.5088700434185086E-5	4.325055615645822E-6	1.6491209730101963E-5	0.27459105440850246	4.3831707401731025E-5	0.7252229099090357	2.0631168840823256E-5	9.504491573757505E-6	9.481262612549717E-6	1.9106392255014707E-5	2.757569399810036E-5
48	48	9.392056041402514E-4	1.1576708234185023E-4	4.41413800052687E-4	3.352400339993296E-4	0.0011732262728839816	0.9946852151730549	5.522264762016385E-4	2.544030311786656E-4	2.5378127060404326E-4	5.114133740709586E-4	7.381078814717308E-4
49	49	1.2844794454505807E-4	1.5832575643967955E-5	0.8278225203667237	4.584820736440048E-5	1.6045315591590428E-4	4.596895358231598E-5	7.552377826407069E-5	3.4792750700039676E-5	0.17149972483192974	6.994208341889117E-5	1.0094535191188387E-4
50	50	2.7006637236484377E-6	0.9999840838326074	1.269275046555279E-6	9.63974868277574E-7	3.3735846771372985E-6	9.665136004592928E-7	1.58791430219497E-6	7.315299594271017E-7	7.29742101453006E-7	1.4705571826377633E-6	2.1224119307235657E-6
51	51	9.905698689680536E-6	1.2209827441474256E-6	4.655543026482902E-6	3.5357399390258807E-6	1.2373889064092701E-5	3.545051692957217E-6	5.8242721908850635E-6	2.683160919705232E-6	0.999943077097839	5.393820870625157E-6	7.78474302336635E-6
52	52	1.1486496324278366E-4	1.4158328697467198E-5	0.7191334002282503	4.099989822579066E-5	1.4348572039627922E-4	4.1107875896680555E-5	6.753736733572658E-5	3.1113522636973594E-5	0.2802605154889685	6.254591982370293E-5	9.027068652562968E-5
53	53	4.250281110375754E-5	5.238923629840308E-6	0.9997642495568551	1.5170952746320082E-5	5.309318262000805E-5	1.5210907092882285E-5	2.4990457362078253E-5	1.1512754960941952E-5	1.1484617807438563E-5	2.314350120809899E-5	3.340233461352186E-5
54	54	7.700151477134072E-5	9.491255867389221E-6	3.6189659745636454E-5	0.003571941323250086	0.7196208378444366	2.7557304017816344E-5	0.276512874216692	2.0857433853485175E-5	2.0806458320694517E-5	4.1928630221317945E-5	6.0514358823503425E-5
55	55	9.358732432134038E-5	1.1535633340667512E-5	4.398476359525341E-5	3.340505811409887E-5	1.1690635918130051E-4	3.349303395128846E-5	0.7582485478334219	0.08618370471195438	2.5288083859384378E-5	0.155135998295461	7.354890279926077E-5
56	56	5.949784948206887E-5	7.333742909742169E-6	2.7963176240716875E-5	2.123716148554542E-5	7.432285314817596E-5	2.1293091849589086E-5	0.08767483138721541	0.6244500355264758	1.607682042484146E-5	0.28760064990525674	4.675848551131071E-5
57	57	5.258503300672952E-5	6.481664737947951E-6	2.4714246958358485E-5	1.876970087840255E-5	6.568757896247992E-5	1.8819132917794173E-5	3.091852023693497E-5	0.6656631380699851	1.4208919146537109E-5	0.3340633513285337	4.13258046359806E-5
58	58	4.387627666467798E-5	5.408217871680276E-6	2.06212504794918E-5	1.5661197522661006E-5	5.4808872852125296E-5	1.5702442981918752E-5	0.9997618081181692	1.1884786175808395E-5	1.1855739778649923E-5	2.389137649076787E-5	3.448172101302421E-5
59	59	1.8471154455765774E-5	2.2767662899404407E-6	8.681190192794189E-6	6.593093589370338E-6	2.3073588575783588E-5	6.610457215148596E-6	0.9998997253328253	5.0032896547904435E-6	4.9910616234012266E-6	1.0057856747837685E-5	1.4516208829655233E-5
60	60	3.1029194549668466E-5	3.824678328789383E-6	1.4583297436008434E-5	1.1075560228715698E-5	3.876069958656597E-5	0.5741896038892285	0.4256530521288278	8.404891446207118E-6	8.384349905837018E-6	1.689592247895113E-5	2.438538798306604E-5
61	61	1.386259095280012E-5	1.7087118105233862E-6	6.515228320696572E-6	4.948113002998576E-6	1.7316715152010736E-5	0.9999215542499605	8.150813537678128E-6	3.7549660509219635E-6	3.745788920293087E-6	7.54841579020048E-6	1.0894406501382547E-5
62	62	8.61354723352398E-6	1.0617113307704247E-6	4.048249498855585E-6	3.0745194179976434E-6	1.0759773869054124E-5	0.9999512575841316	5.064523481756199E-6	2.33315529182243E-6	2.3274530642656055E-6	4.690222496541088E-6	6.76926018378365E-6
63	63	1.323751476321604E-5	1.6316645203554881E-6	6.22145105302435E-6	4.724998317433895E-6	1.653588952134857E-5	0.21205366077548018	7.78328632104962E-6	3.5856513911213885E-6	3.5768880652325027E-6	0.7878786387122567	1.0403168310278836E-5
64	64	1.4767207193131346E-5	1.8202153858007773E-6	6.940385592409734E-6	5.271006710008122E-6	1.844673347319149E-5	0.3378406633416996	8.682702440928633E-6	3.999999846056076E-6	3.9902238532495016E-6	0.6620838128526954	1.1605331110171504E-5
65	65	4.129105487087124E-5	5.089561783006769E-6	1.9406231562491333E-5	1.4738428495058228E-5	5.15794946240186E-5	1.477724374217688E-5	0.7108742497498803	1.118452602221228E-5	1.1157191059675749E-5	0.28892407648476187	3.24500331983971E-5
66	66	1.0855151640200815E-4	1.3380129209458382E-5	5.101772939308046E-5	3.8746376606856104E-5	1.355991600165265E-4	0.13495067712719974	0.8644988758475192	2.9403396540623325E-5	2.933153468959016E-5	5.910814098526183E-5	8.530904143760342E-5
67	67	8.256159851604727E-5	1.0176595339240271E-5	3.8802823129184136E-5	2.946953571353003E-5	1.0313336726625962E-4	0.6993017846812075	0.3002795589258473	2.2363496159784342E-5	2.2308839813283867E-5	4.495619008197317E-5	6.48839469259589E-5
68	68	1.0964727300302018E-4	1.3515192867614583E-5	5.153272002245208E-5	3.9137495951288184E-5	1.3696794489954494E-4	0.29277528408628606	0.7066687124855243	2.9700204608529474E-5	2.9627617359084192E-5	5.970479903118254E-5	8.617018044680048E-5
69	69	5.442951764437124E-5	6.709017091876473E-6	2.5581129533857525E-5	1.942807119679549E-5	6.79916514970482E-5	1.94792371257E-5	0.5186590970326502	1.4743347157725146E-5	1.4707314442398709E-5	0.18042167049331803	0.3006961631883419
70	70	3.4863459084985516E-5	4.297292223152604E-6	1.6385349373816942E-5	1.244416255339919E-5	4.355034295133182E-5	1.2476935602768518E-5	0.759090775297301	9.44348035136856E-6	9.42040050148431E-6	0.24073894459992484	2.7398680131972806E-5
71	71	7.896062215113075E-5	9.732736693688475E-6	3.71104134436683E-5	2.8184203264826787E-5	9.863514018932297E-5	2.8258429415527543E-5	0.9995713451411466	2.1388098122976316E-5	2.133582564761543E-5	4.299539740291167E-5	6.205399252170324E-5
72	72	2.3381524012920527E-5	2.8820215762655436E-6	1.0988996786293855E-5	8.345800824115514E-6	2.9207468685344085E-5	8.367780394155813E-6	1.3747678417760982E-5	6.3333635960454474E-6	6.3178848662106444E-6	0.9998720522847405	1.8375196100490924E-5
73	73	2.7776037600133767E-5	3.423692126420528E-6	1.3054358122899861E-5	9.914378436827338E-6	0.030720105046493966	9.940489025835E-6	1.6331528793215727E-5	7.523707405978604E-6	7.505319477901024E-6	0.9691625966627712	2.1828779745709815E-5
74	74	4.007242462847755E-5	4.9393526413730775E-6	1.8833492000692676E-5	1.4303450634947772E-5	5.005721983029435E-5	1.4341120320778327E-5	2.356145847926114E-5	1.085443511753253E-5	1.0827906896604461E-5	0.9997807168098499	3.149232960022279E-5
75	75	3.285960201681203E-5	4.050295521695639E-6	1.5443563933732615E-5	1.1728905842086E-5	4.104718735992382E-5	1.17597951854678E-5	1.9320521673998268E-5	8.900694714288822E-6	8.878941431576525E-6	0.9998201866140092	2.5823878311326074E-5
76	76	4.387627666467798E-5	5.408217871680276E-6	2.06212504794918E-5	1.5661197522661006E-5	5.4808872852125296E-5	1.5702442981918752E-5	2.5798016477513584E-5	1.1884786175808395E-5	1.1855739778649923E-5	0.9997599014781825	3.448172101302421E-5
77	77	3.619960060591382E-5	4.461985879996003E-6	1.7013317630779203E-5	1.2921084887475291E-5	4.5219409159767863E-5	1.2955113963446082E-5	2.128434689314879E-5	9.805401587261307E-6	9.781437202493357E-6	0.9998019095680729	2.844873411696962E-5
78	78	2.4627293621398513E-5	3.035575933488171E-6	1.1574491479302842E-5	8.790465809141654E-6	0.09978922239928946	8.813616452562308E-6	0.14398407403975386	6.670805752640301E-6	6.654502314749883E-6	0.7561371825814659	1.935422812762334E-5
79	79	1.5616427591601535E-5	1.9248908342464578E-6	7.3395075754116655E-6	5.574127426069733E-6	1.9507553040879515E-5	5.588807494137118E-6	0.999915222836615	4.2300285453708935E-6	4.219690362815232E-6	8.503409573313344E-6	1.2272720940954293E-5
80	80	0.9999571284776	1.053358405983352E-6	4.016400235686558E-6	3.05033089451613E-6	1.0675122251190254E-5	3.0583642711752497E-6	5.024678768320979E-6	2.3147993883820747E-6	2.309142022621974E-6	4.6533225646925546E-6	6.716003597421102E-6
81	81	1.6823644877826256E-4	2.0736932076168925E-5	7.906883203764678E-5	6.00503154577952E-5	2.1015571126626627E-4	6.020846446498608E-5	0.7899962277039724	4.557028017640855E-5	4.545890648932269E-5	0.2091820718526347	1.3221455264603326E-4
82	82	5.806658326485253E-5	7.157324122108051E-6	2.7290500676342628E-5	2.0726285343828906E-5	7.253496014356957E-5	2.078087026024263E-5	0.513223770494311	1.5728520706911067E-5	1.5690080229109445E-5	0.4864926207065165	4.563367442547965E-5
83	83	1.7088311769771487E-4	2.1063162176776475E-5	8.031273026404868E-5	6.099501742148755E-5	2.1346184732235312E-4	6.115565440357932E-5	0.47992159901766274	4.628718453969904E-5	4.617405873957112E-5	0.5192437736789184	1.3429453085366146E-4
84	84	3.4258697252470255E-5	4.2227488936054046E-6	0.37848696903747997	1.2228298874136435E-5	4.2794893380314974E-5	1.2260503423135638E-5	0.41160721201103745	9.279668250317605E-6	9.256988756929138E-6	0.2097545937459562	2.6923406695544137E-5
85	85	3.871556417681587E-5	4.772105155900812E-6	1.819578612940217E-5	1.3819132886052101E-5	4.8362272181441755E-5	1.3855527068655588E-5	0.5204006275961292	1.0486901735845386E-5	0.4793996578405747	2.108128105011761E-5	3.042599291205369E-5
86	86	1.8330882679185757E-5	2.2594763012116774E-6	8.615264374562935E-6	6.54302498357994E-6	2.289836545860635E-5	6.5602567482641E-6	1.0778043383651666E-5	0.9998946740793745	4.953159007048176E-6	9.981476387423013E-6	1.4405971301913342E-5
87	87	4.5247037036677106E-5	5.577178670206848E-6	2.1265489123403696E-5	1.6150476708909665E-5	5.652118384682996E-5	1.61930107378769E-5	0.9039471227263656	0.09581950000652896	1.2226130785013276E-5	2.4637778752207263E-5	3.555898144430948E-5
88	88	1.2548029207226866E-4	1.5466780905664728E-5	5.897402263271629E-5	0.3061718772550326	1.56746057241751E-4	4.490689004168652E-5	7.377888208754101E-5	3.398890138181335E-5	0.6931518416548209	6.832614633601084E-5	9.861311744694999E-5
89	89	4.059660865943789E-5	5.003963899660893E-6	1.907985133246535E-5	0.22799617396757257	5.071201413117788E-5	1.452871531479051E-5	0.5027047945701222	1.0996421074370847E-5	1.0969545840006252E-5	0.26911524006392684	3.1904278126602835E-5
90	90	1.9054387198172905E-5	2.3486559300970455E-6	8.955301612068298E-6	6.801272675538664E-6	2.380214468062561E-5	6.819184563479151E-6	0.9998965591274174	5.161270161824197E-6	5.148656026345035E-6	1.037543686378698E-5	1.497456287056531E-5
91	91	6.96006235011455E-5	8.579017284801047E-6	3.271134197905528E-5	2.4843245489636424E-5	8.694292255144627E-5	2.4908672866322677E-5	0.25954758991356297	1.885275121076935E-5	1.8806675118940914E-5	0.7401124667292951	5.4698107139776574E-5
92	92	1.1174398865893295E-5	1.3773635377875896E-6	5.2518147729896005E-6	3.9885897605491005E-6	1.3958709653518264E-5	0.8708302206656815	6.570232207070984E-6	0.1291095723632886	3.0194167602084523E-6	6.084649625203688E-6	8.781795846687635E-6
93	93	2.0746685965980664E-5	2.557249756556536E-6	9.750658908308359E-6	7.405321771877083E-6	2.591611138526291E-5	7.424824488511011E-6	1.2198467761851895E-5	0.9998807933127095	5.605929417434998E-6	1.1296922232874974E-5	1.6304515601700504E-5
94	94	1.8439797740748108E-5	2.2729012412296815E-6	8.666452965213665E-6	6.581901123990776E-6	2.303441874786956E-5	6.599235273199689E-6	0.9362397266200035	4.994796047732378E-6	4.9825887747043355E-6	0.06367020972203347	1.4491566048149697E-5
95	95	1.3593689093283425E-5	1.6755667956562293E-6	6.388848121167043E-6	4.8521311773690535E-6	1.6980811357334024E-5	0.9999230759141378	7.992706808256614E-6	3.6821284870817768E-6	3.673129371334789E-6	7.401994168924835E-6	1.0683080481843553E-5
96	96	1.4608327201224888E-5	1.8006317365716563E-6	6.865714167249353E-6	5.214296088123267E-6	1.8248265555284545E-5	5.22802850140452E-6	8.589285474842957E-6	3.956963953428875E-6	3.947293140270537E-6	0.9999200607245221	1.1480469659475976E-5
97	97	4.922760644187258E-4	6.067826196230234E-5	2.3136302350853743E-4	1.7571301091613356E-4	6.149358668027399E-4	1.7617577015420014E-4	0.9973275726411271	1.3334303203979428E-4	1.3301714189674514E-4	2.680526627704815E-4	3.8687252440317374E-4
98	98	1.7361439155323465E-4	2.13998207358143E-5	8.159639165430749E-5	6.196991826976784E-5	0.9991722899202088	6.213312275879259E-5	1.0208037861219724E-4	4.70270058788821E-5	4.691207195666209E-5	9.45359795343145E-5	1.3644099883716786E-4
99	99	3.6128780408630276E-4	4.4532565372682244E-5	1.6980033105787437E-4	1.2895806327338388E-4	0.9982775531770582	1.292976882948424E-4	2.1242706609256318E-4	9.786218489568765E-5	9.762300988258882E-5	1.9672733433868256E-4	2.839307756471744E-4
100	100	1.9374257142601333E-4	2.3880833036477247E-5	9.10563611504653E-5	6.915447048618253E-5	0.9990763284205918	6.933659627131497E-5	1.1391518218928223E-4	5.2479134730297716E-5	5.23508758144569E-5	1.0549611471373334E-4	1.522594395899554E-4
101	101	1.2998504021018137E-4	1.60220390369111E-5	6.109119270183716E-5	4.6396858267636785E-5	0.9993802937242616	4.6519049417106434E-5	7.642754727800547E-5	3.520910447252053E-5	3.512305348119646E-5	7.077905806736565E-5	1.0215333280552653E-4
102	102	1.5842178658422913E-4	1.9527170548591367E-5	7.445607492013836E-5	5.654707008413539E-5	0.9992447209678806	5.6695992915350897E-5	9.314755424512224E-5	4.291177835194126E-5	4.280690203878353E-5	8.626334856418873E-5	1.2450135386669875E-4
103	103	1.4374637733462016E-4	1.7718270235911663E-5	6.755883310679959E-5	5.130882973068631E-5	0.9993146862746292	5.144395708880547E-5	8.451882641278885E-5	3.893664385484085E-5	3.884148276361922E-5	7.827233943143878E-5	1.1296816541125383E-4
104	104	1.348252736061234E-4	1.661864929523119E-5	6.336603625795123E-5	4.812453110206973E-5	0.9993572178148596	4.825127226499781E-5	7.927346836328405E-5	3.652018060123151E-5	3.643092534208333E-5	7.341464720929329E-5	1.0595720109800532E-4
105	105	1.528486846439363E-4	1.884022644564172E-5	7.183679316255389E-5	5.455780716267341E-5	0.9992712908427074	5.470149105461487E-5	8.987072707071705E-5	4.1402189801331974E-5	4.130100292001914E-5	8.322870007533563E-5	1.2012153495565095E-4
106	106	0.27214529175247243	1.4865731441990373E-5	5.668225261991867E-5	4.304840558494553E-5	0.7274003301030211	4.316177822175032E-5	7.091178532191936E-5	3.2668069912678273E-5	3.258822920548778E-5	6.567094653324168E-5	9.47809456644534E-5
107	107	0.6242516109066444	3.341758445028288E-5	1.274194930232634E-4	9.677113667084623E-5	0.3747269647473248	9.70259939363336E-5	1.5940692752070131E-4	7.343654696001324E-5	7.325706816440064E-5	1.47625726340364E-4	2.130638689646251E-4
108	108	1.2127731786136231E-4	1.4948719621309348E-5	5.69986821856606E-5	4.328872398542386E-5	0.9994218079645021	4.340272952675472E-5	7.130765147751946E-5	3.2850439926188705E-5	3.2770153506996E-5	6.603755562396919E-5	9.53100617826557E-5
109	109	0.7579539026902414	2.305828288972851E-5	8.792002067556159E-5	6.677251757189962E-5	0.2413413099378204	6.694837022614676E-5	1.0999149369468164E-4	5.067154619652599E-5	5.0547705023981045E-5	1.0186241213281183E-4	1.4701502352677635E-4
110	110	0.3952097255030457	5.5635472226973194E-5	2.1213513130542168E-4	1.6111002561042137E-4	0.6030897498549025	1.6153432630567239E-4	2.6538960953504927E-4	1.2226128955900774E-4	1.2196248317569507E-4	2.457756038595585E-4	3.54720700473984E-4
111	111	0.9989533825883481	2.571551432501153E-5	9.805190446964518E-5	7.446736777187166E-5	2.6061049839485586E-4	7.466348564721434E-5	1.2266688917217562E-4	5.651092400586772E-5	5.637281140390877E-5	1.1360101404378218E-4	1.6395700241750468E-4
112	112	0.7598082159984294	1.3653011089979449E-5	5.205821366036672E-5	3.9536592003608945E-5	0.23977447323080905	3.9640715899135796E-5	6.512692599004602E-5	3.0003065947107086E-5	2.992973850506649E-5	6.031362565687179E-5	8.704888200928391E-5
113	113	0.8907896185940725	1.4542792775607096E-5	5.5450904459210495E-5	4.2113235005295444E-5	0.10876587403519325	4.222414476913115E-5	6.937131908437971E-5	3.1958398614492666E-5	3.188029234274544E-5	6.424433069692512E-5	9.272195298650374E-5
114	114	0.9990695436396121	2.2861423475258593E-5	8.716940607545692E-5	6.620244915983491E-5	2.3168608998452644E-4	6.637680047719961E-5	1.0905244454045983E-4	5.0238939355754825E-5	5.0116155473591425E-5	1.0099276477420945E-4	1.4575988707155252E-4
115	115	0.9992740658189444	1.7836289196151405E-5	6.800883319891437E-5	5.165059078610019E-5	1.807595274267071E-4	5.178661820896003E-5	8.508179468684211E-5	3.9195995482386275E-5	3.910020053622894E-5	7.879370071514398E-5	1.1372063081811984E-4
116	116	0.9989920993383421	2.4764239171354375E-5	9.442474230940724E-5	7.171265107344922E-5	2.509699254406487E-4	7.190151410412326E-5	1.1812916294313376E-4	5.442045685683217E-5	5.428745335302269E-5	1.0939865508162835E-4	1.5789186132420834E-4
117	117	0.6840946678165089	2.0577577438397827E-5	7.84612211797792E-5	5.958885393433223E-5	0.007893121923367889	5.9745787632640286E-5	9.815815383527922E-5	0.307428466920593	4.510957383247317E-5	9.090363249288808E-5	1.3119853918427393E-4
118	118	0.8721165801541509	8.334004424941771E-5	3.177712082270882E-4	2.4133733616244385E-4	8.445987194183937E-4	2.4197292416595746E-4	3.9754460448820727E-4	0.12467463632905228	1.8269564969565236E-4	3.6816349140562194E-4	5.313595389840837E-4
119	119	0.8533589953253504	1.9527170548591367E-5	7.445607492013836E-5	5.654707008413539E-5	0.1460441474291145	5.6695992915350897E-5	9.314755424512224E-5	4.291177835194126E-5	4.280690203878353E-5	8.626334856418873E-5	1.2450135386669875E-4
120	120	0.8366858674461445	2.1747415918555158E-5	8.292175381589827E-5	6.297648955516961E-5	0.1626494124537082	6.314234495865233E-5	1.0373846015858046E-4	4.779086090851179E-5	4.7674060125901204E-5	9.607151814874886E-5	1.3865719655721602E-4
121	121	0.999107636284949	2.1925482647280325E-5	8.360071289303406E-5	6.349213782913838E-5	2.2220092073748276E-4	6.365935124817799E-5	1.0458786536205863E-4	4.818217003217082E-5	4.806441289072892E-5	9.685814682336819E-5	1.3979251458753336E-4
122	122	0.9932436317436572	1.6600477189351084E-4	6.32967469733875E-4	4.8071908048349693E-4	0.0016823535315027313	4.8198510622768495E-4	7.918678467226986E-4	3.6480246634465826E-4	3.6391088973864366E-4	7.33343700027323E-4	0.001058413393668317
123	123	0.9956632735087816	1.0655388584886503E-4	4.062843660863745E-4	3.085603229530548E-4	0.0010798563445403244	3.0937294997027376E-4	5.082781367345458E-4	2.3415664449217335E-4	2.3358436605210693E-4	4.7071310065003154E-4	6.793663738906785E-4
124	124	0.9987633707447994	3.038412792755831E-5	1.1585308274580232E-4	8.798680828282703E-5	3.079239490377364E-4	8.821853106845675E-5	1.4493688152516975E-4	6.677039870164218E-5	6.660721196101196E-5	1.342251101720898E-4	1.937231537783064E-4
125	125	0.6960637753492437	6.208510786532072E-5	2.367272529905083E-4	1.7978697614717405E-4	6.291933616098253E-4	1.8026046461375024E-4	2.9615534612700974E-4	1.364346350662254E-4	1.361011890506487E-4	2.7426755387342886E-4	0.3018052127634125
126	126	0.9986399095386945	3.341758445028288E-5	1.274194930232634E-4	9.677113667084623E-5	3.3866611527461646E-4	9.70259939363336E-5	1.5940692752070131E-4	7.343654696001324E-5	7.325706816440064E-5	1.47625726340364E-4	2.130638689646251E-4
127	127	0.24468859930900316	5.450307514199779E-5	2.0781736074114725E-4	1.5783081333704908E-4	5.52354247995464E-4	1.582464778717496E-4	2.599879043244921E-4	1.1977279935015083E-4	1.1948007483266748E-4	2.407731195410431E-4	0.753440634817861
128	128	0.7233371451591951	1.9963919983986742E-5	7.612137756100007E-5	5.781181557663022E-5	0.2760526481412693	5.796406925202968E-5	9.523091504866434E-5	4.3871553600505045E-5	4.376433159827557E-5	8.819273555279376E-5	1.2728598136160034E-4
129	129	0.14775467671867976	3.038412792755831E-5	1.1585308274580232E-4	8.798680828282703E-5	0.6584213139959036	8.821853106845675E-5	1.4493688152516975E-4	0.19296207437795543	6.660721196101196E-5	1.342251101720898E-4	1.937231537783064E-4
130	130	0.8971660342488589	3.8734952543012476E-5	1.4769433807083679E-4	1.1216925005621922E-4	3.9255428298850663E-4	1.1246465992040562E-4	1.8477157682441432E-4	8.512168692655885E-5	8.491364966878297E-5	1.7111576428958022E-4	0.1015044255898528
131	131	0.7302429075007515	3.98889684271959E-5	1.5209453998017017E-4	1.1551106636896878E-4	4.0424950521628474E-4	1.158152772682213E-4	1.9027640697398567E-4	0.26822127540742946	8.744345012208026E-5	1.7621375194827387E-4	2.543241255139311E-4
132	132	0.9984003540481662	3.9303491353544006E-5	1.4986214667201664E-4	1.1381563317581546E-4	3.983160648022707E-4	1.1411537896819531E-4	1.8748359286189717E-4	8.637107486841637E-5	8.615998410863992E-5	1.7362734483132382E-4	2.5059124019159593E-4
133	133	0.6067141409130352	5.23711635894709E-5	1.9968849404829699E-4	1.5165719224463677E-4	0.3916851095893512	1.5205659787979455E-4	2.4981836406822973E-4	1.1508783407162632E-4	1.1480655960129911E-4	2.313551739709966E-4	3.3390811813920675E-4
134	134	0.6147403525758911	2.938389009031178E-5	1.1203922844660089E-4	8.509030471909574E-5	0.3843615148626729	8.53143992489963E-5	1.4016559589671162E-4	6.457233399665376E-5	6.441451932241637E-5	1.2980645335815052E-4	1.8734583635712603E-4
135	135	0.9865958790459162	3.293408465896928E-4	0.0012557593373256457	9.537101080432396E-4	0.003337661502186779	9.562218068675523E-4	0.0015710056045503665	7.237403583857709E-4	7.219715381833445E-4	0.0014548981469228316	0.002099811705028579
136	136	1.550302005326826E-4	1.9109121486737363E-5	7.286207582066612E-5	5.5336477410688856E-5	0.9921246959111075	5.548221201503231E-5	9.115339704916445E-5	4.199309796054118E-5	4.189046690069432E-5	8.441657246061003E-5	0.0072580304672555315
137	137	0.3895319260124585	6.510402529278643E-5	2.482382264619472E-4	1.8852920200751182E-4	0.6084781385223498	1.8902571407238068E-4	3.105560384411706E-4	1.430688330514305E-4	1.4271917306728457E-4	2.8760394204517883E-4	4.1509031075208277E-4
138	138	1.3399368979317877E-4	1.651614774357634E-5	6.297520322914899E-5	4.7827705588576297E-5	0.9993611824072992	4.7953665029378354E-5	7.878452047299852E-5	3.629492913152176E-5	3.620622438658166E-5	7.296183572507085E-5	1.05303671600595E-4
139	139	0.005259264047913411	6.482602439853042E-4	0.0024717822366435373	0.0018772416289486468	0.0065697081979131395	0.0018821855480207171	0.0030922993216717315	0.9697812245403887	0.0014210974749702602	0.0028637584358704904	0.004133178323674187
140	140	0.0011982152153878095	1.4769277237228264E-4	5.63144778069595E-4	0.4416680073852001	0.5530471685609881	4.2881729102691303E-4	7.045168419011987E-4	3.245610774204199E-4	3.2376785070035286E-4	6.52448498457994E-4	9.416597284751939E-4
141	141	6.557206990010984E-4	8.082455196165971E-5	3.0817976835246434E-4	2.3405293628802297E-4	0.9968738384690623	2.346693400358114E-4	3.855453261624476E-4	1.7761535141730481E-4	1.771812598011502E-4	3.5705103722341326E-4	5.153212606944673E-4
142	142	3.870339816969688E-4	4.770605566096719E-5	1.819006827230018E-4	1.3814790351656834E-4	0.9981548077610026	1.3851173097725842E-4	2.2756509431015942E-4	1.0483606324196681E-4	1.0457984408207523E-4	2.107465645298758E-4	3.041643182585384E-4
143	143	3.2850837618174415E-4	4.049215216324499E-5	1.5439444786135163E-4	1.172577747777013E-4	0.9984338297543837	1.1756658582265806E-4	1.9315368454134226E-4	8.898320697811451E-5	8.87657321719138E-5	1.7887838012579577E-4	2.5816990499240766E-4
144	144	4.813682796794436E-4	5.9333761451963504E-5	2.2623651373187274E-4	1.7181958639786557E-4	0.997705067110982	1.7227209188093616E-4	2.8303100798249546E-4	1.3038843563525302E-4	1.3006976652078108E-4	2.6211318905720177E-4	3.783002566803557E-4
145	145	1.2694677687134122E-4	1.5647540758181483E-5	5.966325044931421E-5	4.5312380597868125E-5	0.9993947787054208	4.543171565798192E-5	7.46411338984599E-5	3.438612875824389E-5	3.4302089118162914E-5	6.912467217083483E-5	9.976560629867995E-5
146	146	2.522270177516971E-4	3.10896632262212E-5	1.185432517554562E-4	9.00299078645634E-5	0.998797502654469	9.02670113741407E-5	1.483023915124214E-4	6.83208421865472E-5	6.815386616468228E-5	1.3734188724132506E-4	1.9822150645391263E-4
147	147	3.6739779003280604E-4	4.5285686140976526E-5	1.7267194096205868E-4	1.3113896156382394E-4	0.9982484236970074	1.3148433021704838E-4	2.1601956596054226E-4	9.951719945096428E-5	9.927397958511297E-5	2.0005432527086273E-4	2.8873252380850903E-4
148	148	1.0855151640200815E-4	1.3380129209458382E-5	5.101772939308046E-5	3.8746376606856104E-5	0.9994824784771658	3.8848419384581816E-5	6.382523818509259E-5	2.9403396540623325E-5	2.933153468959016E-5	5.910814098526183E-5	8.530904143760342E-5
149	149	2.2598909450648603E-4	2.785556005709881E-5	1.0621178636161274E-4	0.11450819822768431	0.884495058793918	8.087698275182686E-5	1.3287523069408763E-4	6.121376448599923E-5	6.106415814992188E-5	1.230548932154201E-4	1.776015081751879E-4
150	150	2.0664268411772104E-4	2.5470909162105926E-5	9.711923784035382E-5	7.375903651336468E-5	0.9990148268756459	7.395328892164957E-5	1.2150008558311034E-4	5.597339387531315E-5	5.5836594996077166E-5	1.1252044477360452E-4	1.6239744857078885E-4
151	151	0.34765422304611127	1.938580321167928E-5	7.391704869500273E-5	5.6137696453271486E-5	0.6517532406681726	5.62855411547087E-5	9.247321068619547E-5	4.2601117684914244E-5	4.2497000625897266E-5	8.563884334827467E-5	1.2360002385607136E-4
152	152	0.999259263997146	1.819997171877527E-5	6.939553554190079E-5	5.2703748028928194E-5	1.8444522012880945E-4	5.284254905540859E-5	8.681661527540673E-5	3.999520311784352E-5	3.9897454909587214E-5	8.040030686106453E-5	1.1603939821617453E-4
153	153	0.9936380327025967	1.563142934087322E-4	5.960181846196158E-4	4.526572491667672E-4	0.0015841466515747462	4.5384937104002855E-4	7.456428000332169E-4	3.435072324126192E-4	3.4266770132204114E-4	6.905349827476692E-4	9.966288310780092E-4
154	154	0.9932436317436572	1.6600477189351084E-4	6.32967469733875E-4	4.8071908048349693E-4	0.0016823535315027313	4.8198510622768495E-4	7.918678467226986E-4	3.6480246634465826E-4	3.6391088973864366E-4	7.33343700027323E-4	0.001058413393668317
155	155	0.9995794206951997	1.0333683557130838E-5	3.940179224717419E-5	2.992443410468945E-5	1.047253571537262E-4	3.0003243341715553E-5	4.929323207858235E-5	2.270870412378749E-5	2.265320408961133E-5	4.5650143958265744E-5	6.588551014553622E-5
156	156	0.9980231523476929	4.857138201153912E-5	1.852001266146926E-4	1.4065372839630087E-4	4.922402839690617E-4	1.410241552181084E-4	2.3169283176085974E-4	1.0673765428227837E-4	1.0647678763712515E-4	2.1456923553156627E-4	3.096814668856091E-4
157	157	0.9993193996704771	1.6722431070423067E-5	6.376175071180941E-5	4.842506390586881E-5	1.6947127872133763E-4	4.8552596554473306E-5	7.97685231132943E-5	3.674824541599424E-5	3.6658432766827474E-5	7.387311421687688E-5	1.0661889304594653E-4
158	158	0.9969835905481118	7.411353910853403E-5	2.825910290858642E-4	2.1461908573620266E-4	7.510939163326665E-4	2.151843083345294E-4	3.535327807595842E-4	1.6286761849031747E-4	1.6246957030830193E-4	3.2740442561998804E-4	4.7253317811220925E-4
159	159	0.8908504902278181	4.1113858152179916E-5	1.5676498011922538E-4	1.1905812020104612E-4	4.166629890639068E-4	0.10759555384739834	1.9611931605384068E-4	9.03494320300678E-5	9.012861817216858E-5	1.8162483232144201E-4	2.621337786696936E-4
160	160	8.007343851779015E-4	9.869903149449082E-5	3.7633421929778873E-4	2.858141192174852E-4	0.996182482823471	2.865668416445164E-4	4.7080929452614987E-4	2.1689527177035824E-4	2.1636518009580542E-4	4.3601344780446366E-4	6.292853855000759E-4
161	161	5.697374183983721E-4	7.022619790406213E-5	2.677688013985468E-4	2.0336206542272584E-4	0.997283765476908	2.0389764143929974E-4	3.3498957580258313E-4	1.543250227399721E-4	1.5394785264741126E-4	3.1023168323650525E-4	4.4774826410256196E-4
162	162	0.9986889921389536	3.221161912234311E-5	1.228212106154391E-4	9.327888438839937E-5	3.2644441824032405E-4	9.352454442940726E-5	1.5365429067439133E-4	7.078638744387123E-5	7.061338563359943E-5	1.4229824649982463E-4	2.053748739988066E-4
163	163	9.331302536729648E-6	1.15018230764835E-6	4.3855846835045365E-6	0.9999471871723917	1.1656371350490094E-5	3.339486783480616E-6	5.486543410211731E-6	2.527573983507341E-6	2.5213965969993854E-6	5.08105242744397E-6	7.333333528245E-6
164	164	2.1068611181082475E-5	2.5969304640824723E-6	9.901959360418576E-6	0.9989109478018077	2.6318250297761214E-5	7.540035092482965E-6	1.2387750732856806E-5	5.706863889615071E-6	5.692916323995042E-6	1.1472215970186567E-5	9.863666648797253E-4
165	165	4.301768260088233E-6	5.302387019262564E-7	2.0217723001874532E-6	0.999975653072587	5.373634399481573E-6	1.5395169317054232E-6	2.5293187319502388E-6	1.1652218427683028E-6	1.162374042570461E-6	2.3423857467044646E-6	3.3806964556420082E-6
166	166	2.508223268962215E-5	3.091652013464058E-6	1.1788306624795771E-5	0.9998580408655863	3.1331940785204055E-5	8.976430057591372E-6	1.4747647280212788E-5	6.794035296254063E-6	6.777430685569071E-6	1.3657700925639971E-5	1.9711758055431484E-5
