0	0	1.2296958029922649E-4	1.3413982604054537E-4	1.4330163072751696E-4	0.9991536527068589	1.4945050055117486E-4	6.600162920129218E-5	1.1021540128005435E-4	1.2026872504141874E-4
1	1	0.14896202874366204	2.598011225313161E-5	2.7754564488792358E-5	0.8508978679422382	2.8945473504883074E-5	1.2783151627323882E-5	2.1346445584432604E-5	2.3293566641219835E-5
2	2	7.85398523820404E-5	8.567421398154744E-5	0.3670435988720657	0.11312905173019948	0.5194737718528956	4.2154801226692174E-5	7.03938431415242E-5	7.681483410729873E-5
3	3	4.931026754462309E-5	5.378948756556908E-5	5.746333144798975E-5	1.3857727667772717E-4	0.9995819701366746	2.646636661178551E-5	4.419589715954865E-5	4.822723631821953E-5
4	4	8.129346520522121E-5	8.86779580309757E-5	0.6954528151726307	2.2846006685403873E-4	0.30395275076174955	4.363275156267984E-5	7.286185630004912E-5	7.950796766680021E-5
5	5	4.2527248103880845E-5	4.6390315789941534E-5	4.9558793230086056E-5	1.1951487023469752E-4	0.9996394734687581	2.2825707410512773E-5	3.811640003731184E-5	4.1593196435476615E-5
6	6	3.0906615908624874E-5	3.3714094749260286E-5	3.6016781135609214E-5	0.719871163730942	0.27995368139381066	1.658854977063501E-5	2.7701038470560912E-5	3.022779521268745E-5
7	7	6.152145479203836E-5	6.710990818610782E-5	0.5395727948509951	0.46007547269751836	7.476981047616412E-5	3.302049366377904E-5	5.514056249307929E-5	6.0170221875420016E-5
8	8	2.4349666027073658E-4	2.6561528119955564E-4	2.837569129584175E-4	0.4032407180887243	0.5953793305352024	1.3069229189719583E-4	2.1824163388041678E-4	2.3814859586691767E-4
9	9	1.052874771600269E-4	1.1485152536202274E-4	0.9991021562835714	2.9589074607841805E-4	1.279606397374635E-4	5.6511090061021596E-5	9.436725340299397E-5	1.0297498462669457E-4
10	10	6.291249413096197E-5	6.862730602128562E-5	0.8954545764099542	1.7680378833440061E-4	0.10408539485870633	3.376710809011635E-5	5.6387325786592555E-5	6.153070897611359E-5
11	11	6.348668390005182E-5	6.925365373713984E-5	0.9994586144358847	1.7841744119938816E-4	7.715824242149294E-5	3.4075293741709425E-5	5.690196164740583E-5	6.20922874680644E-5
12	12	7.355675046134937E-5	8.023845968233556E-5	0.9993727414885033	2.0671747828122358E-4	8.939685041305842E-5	3.948021419109045E-5	6.592757939993911E-5	7.194117906761633E-5
13	13	1.3756034678911124E-4	1.5005598086508673E-4	0.8307345426619643	0.16847899287345125	1.6718331992026156E-4	7.383295103946285E-5	1.2329284026742912E-4	1.3453902570313884E-4
14	14	8.177128304062478E-5	8.919917963036752E-5	0.3880228704098292	2.2980288443900422E-4	0.6113792016250376	4.3889211375922516E-5	7.329011574713858E-5	7.997529090012508E-5
15	15	1.7580301324086252E-4	1.9177251443934E-4	0.9985008318650507	4.940614606199528E-4	2.136613645693397E-4	9.435898914315685E-5	1.5756904759238452E-4	1.7194174534440685E-4
16	16	6.620579573810127E-5	7.221976281918439E-5	0.9994354270868864	1.8605899603699015E-4	8.046290219395271E-5	3.553472631727065E-5	5.933905219961171E-5	6.475167780843537E-5
17	17	6.31982848381536E-5	6.893905723368631E-5	0.9994610737719096	1.776069496205684E-4	7.680773797922113E-5	3.392050092303761E-5	5.6643474806525687E-5	6.18102226891716E-5
18	18	9.652172941766923E-5	1.0528951925926174E-4	0.881231800774777	2.7125625288527944E-4	1.1730722948256223E-4	5.180623841596158E-5	0.11803161649145914	9.4401764303077E-5
19	19	1.526545010585017E-4	1.6652124994218973E-4	0.9986982318481086	4.290069002392001E-4	1.8552792925752905E-4	8.193445688156805E-5	1.368214565783557E-4	1.4930165793414026E-4
20	20	1.4778952800378255E-4	0.07452262339068881	0.7544093741512561	4.1533480413014106E-4	0.17014855024579076	7.932327331201763E-5	1.3246106959372277E-4	1.4454353722470812E-4
21	21	5.517739790392723E-5	6.018957321145959E-5	0.999529472247477	1.550657483001903E-4	6.705959080113362E-5	2.9615439427258656E-5	4.9454499533725926E-5	5.3965503345302724E-5
22	22	3.768851660530412E-5	4.1112046156942935E-5	0.999678609472576	1.0591652110709036E-4	4.5804561241796775E-5	2.022860850689325E-5	3.377953288281422E-5	3.6860740923019785E-5
23	23	1.3621349653833822E-4	1.485867861430934E-4	0.9988384332566557	3.828025345827235E-4	1.6554643180813087E-4	7.311005428219263E-5	1.220856828510024E-4	1.332217571389295E-4
24	24	6.23485975056288E-5	6.801218645234034E-5	0.9994683195190109	1.7521906242319528E-4	7.577507447944481E-5	3.3464447091497535E-5	5.58819154835702E-5	6.0979197553378373E-5
25	25	1.4778952800378255E-4	1.6121435503644148E-4	0.8818860753552317	0.117268977574441	1.7961530715679047E-4	7.932327331201763E-5	1.3246106959372277E-4	1.4454353722470812E-4
26	26	9.205120451189522E-5	1.0041290317493228E-4	0.999215029196349	2.5869267946314193E-4	1.1187399808282376E-4	4.940676753504898E-5	8.250382264380794E-5	9.00294282393527E-5
27	27	1.5169137775073485E-5	1.654706389484377E-5	0.9998706444925611	4.263002224671845E-5	1.8435740187922943E-5	8.141751840556718E-6	1.3595822665117053E-5	1.4835968828602948E-5
28	28	2.4573906567961905E-5	2.6806138104577725E-5	0.6005922671917389	0.32331360249266206	0.07598350136369898	1.3189586118608738E-5	2.2025146111875613E-5	2.4034174996971304E-5
29	29	0.7564760885082943	6.037788026275782E-4	6.450171404657042E-4	0.0015555088172549603	6.726939115576754E-4	2.970809328363102E-4	0.23920848850713014	5.413433798334007E-4
30	30	0.8120587593779223	2.0198202533178075E-4	2.157774798287128E-4	5.203641134191897E-4	2.25036185592268E-4	9.938243648269454E-5	0.1864976028679952	1.8109551342786317E-4
31	31	0.4879822511917377	2.2646022617893964E-5	2.4192755175152336E-5	5.834270382562173E-5	2.523083200297641E-5	1.1142659356502597E-5	0.279066921416051	0.23280927241923316
32	32	0.5210260883924922	1.0829489644050489E-4	1.1569148192201449E-4	0.13586268965191148	0.09288844399817582	5.3284992311665E-5	0.2498484102246304	9.709636211586553E-5
33	33	0.8450396022312386	0.03970202800801863	0.11508074186982767	7.755361308354249E-5	3.353876414063917E-5	1.481168056658382E-5	2.4733863952044046E-5	2.698996917229005E-5
34	34	0.8465630083586008	1.1572735300332014E-4	1.2363157829161115E-4	2.981471313846012E-4	0.15264369643165854	5.694202882791459E-5	9.508687335321352E-5	1.0376024487999945E-4
35	35	0.4857316983790835	4.75532177032062E-5	5.080112181709798E-5	0.0032559824874887895	5.2980925936306386E-5	2.3397897066205095E-5	0.3666552544281833	0.14418233154272156
36	36	0.6117783301994294	1.0314272290039705E-4	1.1018741283320075E-4	2.657254845798465E-4	1.149153985112235E-4	5.074993723061754E-5	0.3874844718811354	9.2476963379851E-5
37	37	0.9989933253475514	1.2632378605501341E-4	1.349517520313894E-4	3.2544660756963665E-4	1.4074234039736138E-4	6.215585581560414E-5	1.0379338621671311E-4	1.1326092436297934E-4
38	38	0.9969097438533051	3.8778452937172453E-4	4.142703704794882E-4	9.990451006357186E-4	4.320461247883871E-4	1.9080396533281577E-4	3.186214622194531E-4	3.476845938672002E-4
39	39	0.7357599247317157	4.711036076420076E-5	5.032801756900321E-5	1.213699143359579E-4	5.24875214556198E-5	2.3179995490362726E-5	0.26390336067550835	4.223878316078266E-5
40	40	0.6106886511190696	9.360041380115274E-5	9.999336014064386E-5	2.4114173656442913E-4	0.09878757203148739	4.6054777221225004E-5	0.28995906515847913	8.392140323643502E-5
41	41	0.7953331193352249	7.537125833732765E-4	8.051914594297545E-4	0.0019417815995045912	0.19950028377653456	3.708537570125863E-4	6.192846470607689E-4	6.757728418596467E-4
42	42	6.080124555394118E-6	6.6324276961897175E-6	7.085425205926939E-6	1.7087051940762978E-5	7.389450756894681E-6	0.9999443294315385	5.449505203440058E-6	5.946583102836477E-6
43	43	7.283331273139801E-6	7.944930669823407E-6	8.487572666589161E-6	2.0468439195955938E-5	0.9999382552533524	3.9091922479544496E-6	6.527917530265179E-6	7.123363063802593E-6
44	44	0.9769800815474295	1.6471388549739094E-4	1.7596391088286564E-4	4.243506067130894E-4	1.8351427284446695E-4	8.104516843205751E-5	1.3533644348848788E-4	0.02185499416471223
45	45	0.8319012498177601	8.197208163800395E-5	8.757080816031866E-5	2.1118378982792478E-4	9.132834739414765E-5	4.033321867805511E-5	0.1675128664055078	7.349553103351963E-5
46	46	0.9992586703082379	9.30266528024466E-5	9.938041103231875E-5	2.3966356229166504E-4	1.036446835835592E-4	4.5772466129846976E-5	7.643494233593878E-5	8.34069735861981E-5
47	47	0.167998800806847	2.4511443625375482E-5	2.618558519630257E-5	0.4700738425863276	2.7309171535208413E-5	1.2060513727380348E-5	0.13084785867402846	0.2309894312187126
48	48	0.8218731951282295	0.17355531106400207	7.007786580437431E-4	0.0016899820379100458	7.308480768049438E-4	3.227634808171153E-4	5.38979218957053E-4	5.881423352356412E-4
49	49	8.225475101659543E-5	0.37848602061260506	9.585492547898168E-5	2.3116158068639889E-4	9.996792444301587E-5	4.414870379675592E-5	0.6208801433617965	8.044814017656286E-5
50	50	0.9999849658528247	1.8865781378974677E-6	2.0154321921803673E-6	4.860370909294845E-6	2.1019115303791818E-6	9.282644416068953E-7	1.5500986742870665E-6	1.6914912895992587E-6
51	51	6.343497249081772E-6	6.919724499424508E-6	7.392344497695694E-6	1.782721159634554E-5	7.709539520370591E-6	3.40475386070701E-6	5.6855613650562826E-6	0.9999447173674113
52	52	0.692701069845325	8.023845968233556E-5	8.571877911983655E-5	2.0671747828122358E-4	8.939685041305842E-5	3.948021419109045E-5	0.30672543719391976	7.194117906761633E-5
53	53	0.46174490484246866	2.9690577698283445E-5	3.171845623327429E-5	7.649151510136814E-5	3.307945022472887E-5	1.4608834362301458E-5	0.5380428859828021	2.662034110910804E-5
54	54	4.931026754462309E-5	5.378948756556908E-5	5.746333144798975E-5	1.3857727667772717E-4	0.7585624708558614	2.646636661178551E-5	4.419589715954865E-5	0.2410677265171313
55	55	5.9931306950912536E-5	0.3016142394611081	6.984047596811356E-5	1.684257198052865E-4	7.283723178289424E-5	3.216701146167802E-5	5.3715341865523835E-5	0.6979288434510574
56	56	0.00277681560132668	0.328687267912788	4.440115311804595E-5	0.022016790520770543	4.630634365326253E-5	2.045021001735425E-5	3.4149582829994114E-5	0.646373818675496
57	57	3.367458571750564E-5	0.2687141406671508	0.731035431282283	9.463611970386621E-5	4.09262492324398E-5	1.8074205950981177E-5	3.018191953459743E-5	3.293497042672958E-5
58	58	2.8097688766630128E-5	3.065001176816133E-5	0.1515066301276263	7.896329474778015E-5	3.414839377580936E-5	1.508091050547482E-5	2.518344809277758E-5	0.8482812461247171
59	59	1.1828698804509407E-5	1.2903187894615263E-5	1.3784480876865209E-5	3.324234380773993E-5	1.4375953409789221E-5	6.348833512558624E-6	1.0601847889433708E-5	0.9998969146538046
60	60	1.9870664777461453E-5	2.1675665722146387E-5	2.315612250868169E-5	5.5842783820727926E-5	2.4149718898364766E-5	1.066520878931094E-5	1.780971592177689E-5	0.9998268301195614
61	61	8.87743954564541E-6	9.683843707042594E-6	1.0345254171644405E-5	2.494838209899037E-5	1.0789154362250403E-5	4.764800137748064E-6	7.956687820531552E-6	0.9999226344381562
62	62	0.22600453437464382	6.017080708848913E-6	6.42804976902613E-6	1.5501740133998038E-5	6.703868271921549E-6	2.9606205818371554E-6	4.943908043087846E-6	0.7739529103578475
63	63	8.477149144867402E-6	0.9999270791408548	9.87877890957977E-6	2.3823440856887924E-5	1.0302663307986962E-5	4.549951729379927E-6	7.597914804937391E-6	8.290960391653616E-6
64	64	9.456743473525946E-6	0.9999186526216514	1.1020341435910354E-5	2.6576407349953527E-5	1.1493208663991828E-5	5.075730718707881E-6	8.475907408978555E-6	9.24903929766342E-6
65	65	2.644216575068485E-5	0.6576549275226096	3.0814169348386985E-5	7.431075720436926E-5	3.213636167156896E-5	1.4192339397345955E-5	2.3699632883465017E-5	0.3421434770511346
66	66	6.951385508497839E-5	0.13998149772330756	8.100742287315394E-5	1.9535567760465118E-4	8.448333654886192E-5	3.731026548604039E-5	6.230400570670755E-5	0.8594885277133879
67	67	0.18246884574330358	5.767342870147033E-5	6.16125473434696E-5	1.4858343233655733E-4	6.42562544052498E-5	2.8377405639180072E-5	4.738712040380779E-5	0.8171232640678666
68	68	7.021553735326901E-5	7.659373922389622E-5	8.18251227714048E-5	1.9732762427366427E-4	0.44422729555008184	3.76868803592159E-5	6.293291077886087E-5	0.5552461226351577
69	69	3.485575093372504E-5	0.4134321429550055	4.061887449628377E-5	9.795556344490894E-5	0.5863103879123032	1.8708174355497773E-5	3.124057646395251E-5	3.4090192996997E-5
70	70	2.232605816571937E-5	0.3819641548332635	2.6017495831732187E-5	6.274320731993854E-5	2.7133869694295387E-5	1.1983095404527132E-5	2.0010440417450725E-5	0.6178656309999029
71	71	5.05648228081692E-5	5.515800345706704E-5	5.892531753159256E-5	1.4210296940909598E-4	6.145371937168339E-5	2.7139725755694215E-5	4.5320332255311995E-5	0.9995593351094114
72	72	1.4973224713018206E-5	0.9998711995752829	1.7448929348249252E-5	4.207944525825157E-5	1.81976381701928E-5	8.03659915770623E-6	1.342022934603859E-5	1.4644358723607763E-5
73	73	1.7787399322478558E-5	0.9550976752733941	2.0728405538265802E-5	0.04479930478795967	2.161783203438949E-5	9.547054903178605E-6	1.5942522933599642E-5	1.7396723914252054E-5
74	74	2.5661779370973666E-5	0.9997792560957758	2.9904752234511874E-5	7.211762736261973E-5	3.1187922758568217E-5	1.3773481559967775E-5	2.3000186745777435E-5	2.5098154191720836E-5
75	75	2.1042824931576038E-5	0.9635177709887329	2.4522090101233474E-5	5.913692052035848E-5	2.5574298223855637E-5	1.129434389466095E-5	0.036320077884953374	2.0580648641982468E-5
76	76	2.8097688766630128E-5	0.9997583022818349	3.27434200404249E-5	7.896329474778015E-5	3.414839377580936E-5	1.508091050547482E-5	2.518344809277758E-5	2.7480562236207414E-5
77	77	2.318169809196884E-5	0.9998005898784572	2.701460907265534E-5	6.514782316772484E-5	2.8173767650833816E-5	1.2442344179750396E-5	2.077733494204247E-5	2.2672544437672766E-5
78	78	1.5770995668816654E-5	0.07710292363741317	0.7255310378466204	4.432143119692229E-5	1.916720534590526E-5	8.464787842127566E-6	1.4135256963510677E-5	0.19726417883894914
79	79	1.0000572476520401E-5	1.0908999193475745E-5	1.1654088276197123E-5	2.8104736964980175E-5	1.2154148682767178E-5	5.367620795239062E-6	8.963331466594393E-6	0.9999128465021443
80	80	5.472622700106048E-6	5.969741908457848E-6	6.377477709310819E-6	1.5379781693115188E-5	6.651126236817088E-6	0.9999498918132492	4.905012324827107E-6	5.3524241781820655E-6
81	81	1.0773346625040678E-4	0.37182198543429745	1.2554634536480008E-4	3.0276474055880765E-4	0.224702381407711	0.40273766180584064	9.655954899729348E-5	1.0536725097947368E-4
82	82	3.718484103590797E-5	0.7377424924082905	4.333306128086884E-5	1.0450103520097844E-4	0.05617468707946851	1.995827003710144E-5	3.332809761841082E-5	0.2058445152070677
83	83	1.0942825673819414E-4	0.7552231096026619	1.275213560955063E-4	3.075276319814582E-4	1.3299311670553419E-4	0.0236557254875291	9.807855892838843E-5	0.2203456159893599
84	84	2.1938779907368686E-5	0.7774610980320591	2.5566184167238245E-5	6.165483426842012E-5	0.1009515691744011	1.1775231020968324E-5	0.12144494083895903	2.145692521681416E-5
85	85	2.4792872709685526E-5	0.17645522478509015	2.8892178708525985E-5	0.003633881380172972	3.0131901138052206E-5	1.3307112112098452E-5	0.041010586403323945	0.7788031833667446
86	86	1.1738870807852571E-5	1.2805200149875482E-5	0.999056110412375	8.767757357032072E-4	1.4266781376907544E-5	6.300620010383431E-6	1.0521336687609441E-5	1.1481042889232653E-5
87	87	2.897549493401641E-5	3.160755562822812E-5	0.5082243311264023	8.143020466704236E-5	0.0021179634476063266	0.08124273248984647	2.597020981668658E-5	0.4082469894710989
88	88	8.035438834410161E-5	0.24844897589445328	0.23112742855435967	2.258209671191355E-4	0.5199236817810703	4.312871956852072E-5	7.202017876622931E-5	7.85895163186869E-5
89	89	2.5997456361515657E-5	0.6708873037498092	3.0295930768465733E-5	7.306098471006443E-5	3.159588620886169E-5	1.3953649925243538E-5	0.3289123658837112	2.5426458505519325E-5
90	90	1.2202192481499522E-5	1.3310608792830793E-5	1.4219728788168657E-5	3.4291977873643206E-5	1.4829877191939616E-5	6.549299279114419E-6	1.0936603488215626E-5	0.9998936597121046
91	91	4.457094403819956E-5	0.8554481400295953	5.194039817162061E-5	1.2525829510415173E-4	0.14422262757697354	2.3922623094284853E-5	3.994812758283367E-5	4.359200544006739E-5
92	92	7.155956742801555E-6	0.84305632238252	8.339137762068818E-6	2.0110476921336247E-5	8.6969583415011E-6	0.15688596254752274	6.413754052273895E-6	6.99878613730375E-6
93	93	1.3285915272335359E-5	1.4492774221753609E-5	1.5482636596794625E-5	3.733757791813115E-5	1.6146974584278613E-5	0.9998783520881845	1.1907924541582377E-5	1.299410868056885E-5
94	94	1.1808618422682089E-5	0.21306149812436018	1.3761080362246198E-5	3.3185911653406955E-5	1.4351548812261534E-5	6.338055742053415E-6	1.0583850207929314E-5	0.7868484728104392
95	95	0.17834159135544767	9.496000262458461E-6	1.0144580943380012E-5	2.4464443058662066E-5	1.0579870530244612E-5	4.672374392588771E-6	7.802347075998232E-6	0.8215912490282891
96	96	9.354998903628195E-6	1.0204783349578303E-5	0.999920224824363	2.6290473281548444E-5	1.1369553879917733E-5	5.021121218054989E-6	8.384715599003598E-6	9.14952940528423E-6
97	97	3.1521904441501273E-4	0.9972884700805791	3.67338027755512E-4	8.858641193227759E-4	3.830999817715326E-4	1.6918794417318338E-4	2.8252510406863966E-4	3.0829569791421333E-4
98	98	1.1117722207825754E-4	1.212762798161909E-4	1.2955949906311767E-4	0.9992348144904136	1.3511871349852233E-4	5.967230081930291E-5	9.964612479558043E-5	1.0873536951547044E-4
99	99	2.3134912860222134E-4	2.5236429846974874E-4	2.6960088271763336E-4	0.9984077223953548	2.8116907439666684E-4	1.2417233079018585E-4	2.073540218860543E-4	2.262678677826422E-4
100	100	1.240662026388296E-4	1.353360627806285E-4	1.4457957092357975E-4	0.9991461051219483	1.5078327534938499E-4	6.659022079326327E-5	1.1119828396468192E-4	1.213412616013962E-4
101	101	8.323904306079246E-5	9.080026725948255E-5	9.70019624510713E-5	0.8917296333028693	0.10779863196414892	4.467700419730045E-5	7.460564239374469E-5	8.141081361934384E-5
102	102	1.0144864705807438E-4	1.1066398564023059E-4	1.182223808778326E-4	0.9993017721324126	1.2329513564391712E-4	5.4450669586792956E-5	9.092657970871032E-5	9.922046907179881E-5
103	103	9.205120451189522E-5	1.0041290317493228E-4	1.0727114530998954E-4	0.999366450730502	1.1187399808282376E-4	4.940676753504898E-5	8.250382264380794E-5	9.00294282393527E-5
104	104	8.633852316657133E-5	9.418129630092203E-5	1.006139171514518E-4	0.9994057686852469	1.0493111770159028E-4	4.6340592347805714E-5	7.738365011554637E-5	8.444221796915286E-5
105	105	9.787990062194734E-5	1.0677106330155112E-4	1.1406357035977121E-4	0.9993263342955001	1.1895787646224322E-4	5.253521148392285E-5	8.772797709847617E-5	9.573010517184326E-5
106	106	7.723183475720212E-5	8.424737934303906E-5	9.000150962420423E-5	0.9994684461463392	9.386334681197643E-5	4.145274715727714E-5	6.92214907023914E-5	7.553554526457675E-5
107	107	1.7360917353492707E-4	1.89379391881721E-4	2.023140813872325E-4	0.9988051219356184	2.109950918099851E-4	9.318148658971328E-5	1.5560274891147967E-4	1.697960902666546E-4
108	108	7.766297272534236E-5	8.471768079405711E-5	9.050393285564655E-5	0.9994654788071695	9.43873283120221E-5	4.168415242220972E-5	6.960791183231652E-5	7.59572138887926E-5
109	109	1.1979302524668145E-4	1.306747207590623E-4	1.3959985734569546E-4	0.999175515583545	1.4558988932134045E-4	6.429667251033332E-5	1.0736831268340702E-4	1.1716193858851034E-4
110	110	2.8902438072064124E-4	3.152786246566302E-4	3.368122829767773E-4	0.998010768177955	3.512644205590159E-4	1.5512844688937155E-4	2.5904730278277654E-4	2.8267636345975057E-4
111	111	1.3359739831493166E-4	1.4573304817197224E-4	1.5568667464667082E-4	0.9990805059579824	1.6236696914730234E-4	7.170591234338727E-5	1.1974092153052645E-4	1.3066311786288568E-4
112	112	7.093152982237089E-5	7.737477063847829E-5	8.265949894932827E-5	0.9995118084641953	8.620630086740728E-5	3.807117596583332E-5	6.357464182407986E-5	6.937361773713056E-5
113	113	7.555411138786343E-5	8.24172558250143E-5	8.804638792539973E-5	0.9994799932023577	9.182433361274501E-5	4.055226042343625E-5	6.771777771956559E-5	7.38946707481999E-5
114	114	1.1877033194557905E-4	1.2955912858440502E-4	1.3840806977168351E-4	0.9991825543463431	1.443469638320595E-4	6.374776095121636E-5	1.0645169125318706E-4	1.161617073188525E-4
115	115	9.266432801530367E-5	1.0108172126708525E-4	1.0798564394991335E-4	0.9993622308623346	1.1261915484648118E-4	4.973585014253688E-5	8.30533541035231E-5	9.062908534047014E-5
116	116	1.2865551696093216E-4	1.4034225881150243E-4	1.499276921798949E-4	0.9991145188243905	1.5636087690707053E-4	6.905344967831378E-5	1.1531160303416252E-4	1.2582977803766047E-4
117	117	1.0690560601772729E-4	1.1661664095365886E-4	1.2458160497072246E-4	0.44599196903032423	1.299272250275098E-4	0.5533296247662568	9.581755290747562E-5	1.0455757354173194E-4
118	118	4.3293014834427435E-4	4.7225642834021903E-4	5.045117345109016E-4	0.841426004630061	5.261596178201577E-4	0.15582668857075116	3.8802742848995314E-4	4.234214416822376E-4
119	119	1.0144864705807438E-4	1.1066398564023059E-4	1.182223808778326E-4	0.9993017721324126	1.2329513564391712E-4	5.4450669586792956E-5	9.092657970871032E-5	9.922046907179881E-5
120	120	1.1298300205224035E-4	1.2324609227702985E-4	1.316638505163564E-4	0.9992223860752782	1.3731335968939588E-4	6.0641519547804034E-5	1.0126461258720912E-4	1.1050148805184154E-4
121	121	1.1390806973860612E-4	1.2425519077295774E-4	1.327418708500598E-4	0.9992160192280432	1.3843763634736826E-4	6.113803237864432E-5	1.0209373395215091E-4	1.1140623791717816E-4
122	122	8.622420332590608E-4	9.405659193499264E-4	0.001004806954265994	0.9940655550006298	0.001047921796213856	4.627923330506053E-4	7.728118731879182E-4	8.433040900428293E-4
123	123	5.535002403405603E-4	6.037788026275782E-4	6.450171404657042E-4	0.9961904933803518	6.726939115576754E-4	2.970809328363102E-4	4.960922119868787E-4	5.413433798334007E-4
124	124	1.57850669306819E-4	1.7218942497548352E-4	1.839500327483793E-4	0.9989135810144	1.9184306787774298E-4	8.472340329545708E-5	1.414786877993894E-4	1.543836995968437E-4
125	125	3.225268025920696E-4	3.5182432181876503E-4	0.30175630040952883	0.696399738921314	3.919814312715676E-4	1.7311024710632472E-4	2.8907491498921076E-4	3.154429513790701E-4
126	126	1.7360917353492707E-4	1.89379391881721E-4	2.023140813872325E-4	0.9988051219356184	2.109950918099851E-4	9.318148658971328E-5	1.5560274891147967E-4	1.697960902666546E-4
127	127	2.831421120768391E-4	3.0886202560275556E-4	3.2995742759723515E-4	0.14326079439459946	0.8551345743683632	1.5197124888197898E-4	2.53775132239166E-4	2.7692329063946664E-4
128	128	1.037176020968191E-4	1.1313904681755941E-4	1.208664897404338E-4	0.9992861558804043	1.2605269946940447E-4	5.566848889443984E-5	9.296020289806444E-5	1.0143958967887992E-4
129	129	1.57850669306819E-4	1.7218942497548352E-4	1.839500327483793E-4	0.9989135810144	1.9184306787774298E-4	8.472340329545708E-5	1.414786877993894E-4	1.543836995968437E-4
130	130	2.0123201412245383E-4	2.1951142146286012E-4	2.345041408465452E-4	0.8105766977070793	0.1882828743523917	1.0800753118958913E-4	1.803605992061707E-4	1.9681223370148016E-4
131	131	2.0722687424542177E-4	2.2605083952117628E-4	2.4149020381849525E-4	0.9985737456071905	2.5185220611693396E-4	1.1122516057392093E-4	1.857336834475167E-4	2.0267542508618336E-4
132	132	2.0418545157058378E-4	2.2273314170090405E-4	2.37945905887451E-4	0.3087861473749006	0.6900566868777103	1.095927336668713E-4	1.8300771154654866E-4	1.9970080301684933E-4
133	133	2.720677814223843E-4	2.967817307534985E-4	3.1705204369548095E-4	0.9981274732352711	3.3065629742316626E-4	1.460273084071945E-4	2.438494108207574E-4	2.6609219220636286E-4
134	134	1.526545010585017E-4	1.6652124994218973E-4	1.7789471905448439E-4	0.9989493440292934	1.8552792925752905E-4	8.193445688156805E-5	1.368214565783557E-4	1.4930165793414026E-4
135	135	0.9851335028574005	0.0018655403708249436	0.001992957537058576	0.0048061715368851905	0.0020784725196672	9.179131019449206E-4	0.0015328130850003046	0.0016726289912184181
136	136	9.927683937663575E-5	1.0829489644050489E-4	1.1569148192201449E-4	0.9993167197605002	1.2065563940182146E-4	5.3284992311665E-5	8.898002793118614E-5	9.709636211586553E-5
137	137	3.3820824115778525E-4	3.6893022261270177E-4	3.94128306898847E-4	0.9976722565960993	4.1103979381379907E-4	1.8152696684334182E-4	3.031299035478709E-4	3.3077996902623714E-4
138	138	8.580601258184606E-5	9.360041380115274E-5	9.999336014064386E-5	0.9994094337289987	1.0428393346917821E-4	4.6054777221225004E-5	7.690637055064458E-5	8.392140323643502E-5
139	139	0.0033646078437685484	0.0036702403127629973	0.003920919219187255	0.9768428359751573	0.004089160304410519	0.00180589052001154	0.003015636897748293	0.0032907089269535853
140	140	7.671497564729306E-4	8.368357005848296E-4	8.939919193615397E-4	0.6638653333809579	9.323518452580468E-4	4.1175332667949633E-4	0.3315422836882466	7.503003824386852E-4
141	141	4.1986444370573057E-4	4.5800386812942003E-4	4.892857186397293E-4	0.9971102517016655	5.102802751930408E-4	2.2535441091073446E-4	3.7631687473967064E-4	4.1064270701613825E-4
142	142	2.478343696482447E-4	2.7034701712886044E-4	2.888118283765753E-4	0.9982942614963086	3.0120433449953035E-4	1.3302047651993427E-4	2.221294440080514E-4	2.423910335101434E-4
143	143	2.1036027332083E-4	2.2946886864568092E-4	2.4514168572266603E-4	0.9985521797547305	2.556603679331071E-4	1.1290695409888484E-4	1.8854209212571435E-4	2.0574000342277936E-4
144	144	3.082351051212762E-4	3.362344026868024E-4	3.591993491712709E-4	0.9978785489367719	3.7461208402699974E-4	1.6543944498738567E-4	2.762655261315459E-4	3.014651511027134E-4
145	145	8.129346520522121E-5	8.86779580309757E-5	9.473469863889694E-5	0.999440491672338	9.879963025730723E-5	4.363275156267984E-5	7.286185630004912E-5	7.950796766680021E-5
146	146	1.6151586803672837E-4	1.7618756109042937E-4	1.8822124318642732E-4	0.9988883550112183	1.962975499006269E-4	8.669063036846066E-5	1.447637388486419E-4	1.5796839735052385E-4
147	147	2.3526135858324077E-4	2.5663190553002797E-4	2.741599690762024E-4	0.9983807961811925	2.8592378468771546E-4	1.262721472808098E-4	2.1086048255875638E-4	2.3009417109067244E-4
148	148	6.951385508497839E-5	7.582831791258326E-5	8.100742287315394E-5	0.9995215657161403	8.448333654886192E-5	3.731026548604039E-5	6.230400570670755E-5	6.798708024733238E-5
149	149	1.4471489836076604E-4	1.5786043381096638E-4	1.6864236565825776E-4	0.28126218329639946	0.7179176842101642	7.767302318401135E-5	1.2970533489032682E-4	1.4153643753191952E-4
150	150	1.3232667409956823E-4	1.4434689458195767E-4	1.5420584620256763E-4	0.9990892518120171	1.6082260045395194E-4	7.102387481609446E-5	1.1860199449693192E-4	1.2942030333193313E-4
151	151	1.007142295819551E-4	1.0986285553758197E-4	1.1736653326327145E-4	0.9993068268153791	1.2240256482150337E-4	5.405648470123164E-5	9.026833466436191E-5	9.850218205084556E-5
152	152	9.455370355219879E-5	1.0314272290039705E-4	1.1018741283320075E-4	0.3604795049765964	1.149153985112235E-4	0.6389204720551468	8.474676707981284E-5	9.2476963379851E-5
153	153	8.119210738679541E-4	8.856739312461102E-4	9.461658210444949E-4	0.9944118927507083	9.867644550981397E-4	4.357834964366772E-4	7.277101112839376E-4	7.94088360314365E-4
154	154	8.622420332590608E-4	9.405659193499264E-4	0.001004806954265994	0.5602220114901008	0.434891465306743	4.627923330506053E-4	7.728118731879182E-4	8.433040900428293E-4
155	155	5.368689291380935E-5	5.856367451683556E-5	6.256359731017841E-5	1.5087696302908666E-4	6.524811257777872E-5	0.9995084344374509	4.8118586983678795E-5	5.2507735217663786E-5
156	156	2.5232942812411144E-4	2.752503953507558E-4	2.940501093257322E-4	7.091246248754244E-4	3.0666738265819197E-4	0.9976896324120929	2.2615828327455476E-4	2.467873642983238E-4
157	157	8.687768452829538E-5	9.476943371745595E-5	1.012422245927907E-4	2.4415346996653394E-4	1.0558638492452004E-4	0.9992045343742155	7.786689065107166E-5	8.496953740383223E-5
158	158	3.850063117048785E-4	4.1997931155766694E-4	4.4866406938564495E-4	0.1394525683402036	4.6791560855654707E-4	0.8581042420091742	3.450741641685003E-4	3.7655018524883143E-4
159	159	0.10768294190422284	2.329918501630979E-4	0.16912931560411795	0.722180189376402	2.595854613729283E-4	1.14640387983951E-4	1.9143673447844084E-4	2.0889868125881705E-4
160	160	5.127039754814832E-4	5.592767082235443E-4	5.974755349103161E-4	0.001440858551411683	0.995653530522766	2.7518429840465275E-4	4.595272607913932E-4	5.014431480109124E-4
161	161	3.64814475455672E-4	3.9795329995937596E-4	4.251336722349564E-4	0.0010252427946271245	0.9969072699681486	1.958073669739981E-4	3.2697658809015506E-4	3.568018345101533E-4
162	162	1.6734432157697885E-4	1.825454566128191E-4	1.950133855594034E-4	4.7028989105836347E-4	2.0338113347397982E-4	0.9984677692987851	1.4998767589240278E-4	1.6366883704092E-4
163	163	5.975661112335535E-6	6.518475058103314E-6	6.9636895563030275E-6	1.679347698827794E-5	0.4596026336650433	3.2073246733804785E-6	0.5403520632935147	5.844414053551922E-6
164	164	1.3492071280537402E-5	1.471765692046775E-5	1.5722878875313763E-5	3.791694078939396E-5	0.4597040906797855	7.241617672017333E-6	0.5401936224179171	1.3195736759690172E-5
165	165	2.7548066134750623E-6	3.005046280614273E-6	3.2102921640402484E-6	7.741868322326588E-6	3.3480412497441426E-6	1.4785910806673884E-6	0.9999757670531594	2.6943011298575463E-6
166	166	1.6062331285938504E-5	1.7521392845763444E-5	1.8718111104873643E-5	4.514017541451219E-5	0.4098864149506294	8.621156802057462E-6	0.5899918123373272	1.5709544590231212E-5
167	167	0.06286490697762502	2.1675665722146387E-5	2.315612250868169E-5	5.5842783820727926E-5	2.4149718898364766E-5	0.01715022056683865	0.9198406139312363	1.943423335019505E-5
168	168	2.6184437768532E-6	2.8562965887120803E-6	3.051382807669405E-6	7.358646095393688E-6	3.1823133181685026E-6	1.4054008708801216E-6	0.9999769665832297	2.5609333126816604E-6
169	169	8.410526439372893E-6	9.174517394803078E-6	9.801140665083768E-6	2.363621021402077E-5	1.0221693716483117E-5	4.514193234525057E-6	0.9999260159173748	8.225800960929878E-6
