0	0	5.0686025902073345E-6	2.6139229039336245E-5	5.00228733853961E-5	5.067451770062429E-6	4.962564133796652E-5	3.239192065782135E-5	1.0183600135357032E-5	5.0736734626620815E-6	0.9997959621574187	1.5420743104128854E-5	5.044107098316622E-6
1	1	1.907844771709551E-7	9.83892316899443E-7	1.8828834132429573E-6	1.9074115978401147E-7	1.8679314206304727E-6	1.2192464367210756E-6	3.83315281276113E-7	1.9097534708684646E-7	4.406455872346447E-6	0.9999884939118191	1.8986245585832664E-7
2	2	1.1781705758994753E-4	0.40929892095721865	0.0011627559370798464	1.1779030736819017E-4	0.5849982768201362	7.529335183951441E-4	2.3671254202063576E-4	1.1793492740937004E-4	0.002721163026353591	3.58447233935659E-4	1.1724767249269055E-4
3	3	3.412862330196833E-5	1.760043099474655E-4	3.3682100181825584E-4	3.4120874438940547E-5	3.341463034829817E-4	2.1810580697209688E-4	6.856963959828956E-5	3.416276720903943E-5	0.9986261438838674	1.038331025308716E-4	3.396368683270366E-5
4	4	3.820953279127984E-6	1.9704991885671535E-5	3.7709616939116677E-5	3.820085736264225E-6	0.12500715215151123	2.44185676923811E-5	7.676881278026761E-6	3.82477594353877E-6	0.8748764446000237	1.1624888296460654E-5	3.80248741434614E-6
5	5	1.752792192731127E-5	9.039303391565597E-5	0.3823568234706841	1.7523942233639634E-5	1.7161226422548285E-4	1.1201569786964282E-4	3.5216283962833434E-5	1.7545457698741028E-5	0.6171105716727192	5.332704160166514E-5	1.7443213161573545E-5
6	6	4.735554948303047E-6	2.4421673078336964E-5	4.6735971379215846E-5	4.734479746226178E-6	0.17370317135750413	3.0263512955729862E-5	9.514456332737837E-6	4.740292623967674E-6	0.7510577273046815	0.0751092427277442	4.712669005724259E-6
7	7	1.9567478476840357E-5	1.0091120629906992E-4	1.9311466639928646E-4	1.956303570429795E-5	1.9158114125107165E-4	1.250498927495345E-4	3.931406594202844E-5	1.9587054718191133E-5	0.8343683624674461	0.1649034760780509	1.947291296261417E-5
8	8	8.265963433432272E-6	4.26282999252514E-5	0.245854447832166	8.264086656338991E-6	0.14754465214807702	5.282529591360963E-5	1.6607588549591504E-5	8.274233098599456E-6	0.6064306601259092	2.5148410502995827E-5	8.226015768045412E-6
9	9	1.4609305361568268E-5	7.534147176766823E-5	0.1376979136820294	1.4605988336290799E-5	1.4303669209946124E-4	9.336369378259856E-5	2.9352335561871915E-5	1.4623921209392696E-5	0.8618581667809405	4.4447427254560334E-5	1.4538701656771085E-5
10	10	1.9379560641150497E-5	9.99420975042388E-5	1.9126007434274348E-4	1.937516053512752E-5	1.8974127652524581E-4	1.238489661597056E-4	3.8936510183235164E-5	1.9398948880510626E-5	0.9992198710249975	5.8960476936078736E-5	1.9285903294360666E-5
11	11	6.482787606467029E-5	0.9641017812506033	6.397969812217021E-4	6.481315697308659E-5	6.347163481514683E-4	4.14295534228494E-4	1.3024914771234415E-4	6.489273297250347E-5	0.03362287972537187	1.9723267014680102E-4	6.451457655377506E-5
12	12	7.75753875066152E-6	4.0006309150541067E-5	7.65604270211233E-5	7.755777410783268E-6	7.595246004282967E-5	4.957610608432486E-5	1.5586085368756944E-5	7.765299763458887E-6	0.999687718371631	2.3601576581560837E-5	7.720048194995182E-6
13	13	1.5507456304368042E-5	7.997331511855495E-5	1.530456391948522E-4	1.5503935354995172E-5	1.5183030251998442E-4	9.9103507382135E-5	3.1156858583727665E-5	1.5522970705352828E-5	0.999375743536418	4.717996639353431E-5	1.5432512024679763E-5
14	14	1.2512225480162836E-4	6.452664650601789E-4	0.001234852130985692	1.2509384594359718E-4	0.0012250461600954346	7.996188452202689E-4	2.513898038476751E-4	1.2524743308973783E-4	0.9949631728914887	3.8067260424659523E-4	1.245175652203693E-4
15	15	1.1361523414751904E-6	5.859237481899985E-6	1.1212874497980703E-5	1.1358943794473965E-6	1.1123832969716472E-5	7.260809235935166E-6	2.282704341584546E-6	1.1372890026180296E-6	2.6241155628649275E-5	3.4566358425679443E-6	0.9999291534142781
16	16	1.21334737810298E-6	6.257339070494093E-6	0.9999351070365278	1.213071889034615E-6	1.1879633633229367E-5	7.754139588260676E-6	2.4378010120101306E-6	1.2145612688525822E-6	2.802409168041056E-5	3.691494426874959E-6	1.2074835250326363E-6
17	17	2.518415303732352E-5	0.4494119197338473	2.4854655228610865E-4	2.5178435005552055E-5	0.46200867243090993	1.609443771732052E-4	0.08741099604624954	2.520934846854155E-5	5.816660804219781E-4	7.662039928597881E-5	2.5062443314471685E-5
18	18	1.4504299021512102E-5	7.47999448429467E-5	0.100770021432672	1.4501005837798324E-5	1.420085967068756E-4	9.269262972201526E-5	2.9141361716560917E-5	1.4518809815971645E-5	0.8987892497614592	4.412795541483879E-5	1.4434202790304639E-5
19	19	1.4504299021512102E-5	0.9991559271148972	1.4314531482479976E-4	1.4501005837798324E-5	1.420085967068756E-4	9.269262972201526E-5	2.9141361716560917E-5	1.4518809815971645E-5	3.3499870925212164E-4	4.412795541483879E-5	1.4434202790304639E-5
20	20	4.584921965947689E-6	2.3644845549133507E-5	4.5249349678279056E-5	4.583880964908976E-6	4.489002422172087E-5	2.930086269344008E-5	9.211811563848881E-6	4.589508941172223E-6	0.9998154328397845	1.3949190636085082E-5	4.562764000939068E-6
21	21	1.3339324710749884E-4	6.879206993225837E-4	0.0013164799156708629	1.333629603305749E-4	0.9928553291351955	8.524762791510376E-4	2.680074961734319E-4	1.335267000919E-4	0.003080918666781785	4.0583631461747234E-4	1.327485855573685E-4
22	22	1.5507456304368042E-5	7.997331511855495E-5	1.530456391948522E-4	1.5503935354995172E-5	1.5183030251998442E-4	0.476553639464253	3.1156858583727665E-5	1.5522970705352828E-5	0.522921207579547	4.717996639353431E-5	1.5432512024679763E-5
23	23	2.690915327645184E-7	0.8211635456135662	2.6557086362557085E-6	2.690304358544298E-7	0.17882342931330314	1.7196833691084994E-6	5.406461683893995E-7	2.693607448041322E-7	6.215075682946782E-6	8.186854906074161E-7	2.677910698970157E-7
24	24	1.1026288765717313E-6	5.686354027001262E-6	1.0882025904022009E-5	1.102378526006476E-6	1.0795611647153303E-5	7.046570814989308E-6	2.2153505580411146E-6	1.1037319992369052E-6	0.9999556134036671	3.3546438771226176E-6	1.0973001027679396E-6
25	25	1.3352614544680452E-5	6.886060677388748E-5	1.3177915112599632E-4	1.334958284954719E-5	0.17878742399608394	8.533255926226961E-5	2.6827450932391188E-5	1.3365973138906066E-5	0.8208057959166035	4.0624064522199794E-5	1.3288084162690955E-5
26	26	5.294684851357E-6	2.7305155130551143E-5	5.225411643965007E-5	5.2934826995055925E-6	5.1839166072844356E-5	0.20468957597837528	1.0637834079382103E-5	5.29998190731897E-6	0.7951311219267315	1.6108576961201274E-5	5.269096751376372E-6
27	27	0.3281264681417227	1.795998180525352E-7	3.437017574222334E-7	3.4817913509369526E-8	0.1379780843248955	2.2256138648014986E-7	6.997041606229175E-8	0.5338936519153481	8.043549678524733E-7	1.0595425946069742E-7	3.4657514792493305E-8
28	28	6.245570475670677E-8	3.220895586887865E-7	6.163856320628652E-7	0.5263984748466507	6.114909087081291E-7	3.9913569807507965E-7	0.4735977563993219	6.251818843090615E-8	1.442508903594511E-6	1.9001556371794714E-7	6.215386945157702E-8
29	29	3.5148126631335026E-6	1.812619782215907E-5	3.468826480123035E-5	3.5140146291297876E-6	3.441280500621596E-5	0.9997997925562986	7.061797818040573E-6	3.518329049829811E-6	8.117991111920576E-5	1.069348448072028E-5	3.4978263116579494E-6
30	30	4.4359092021567155E-7	2.287637362946828E-6	4.377871818108391E-6	4.4349020342874733E-7	4.343107102129497E-6	0.9999747325924031	8.912422062599858E-7	4.4403470978853004E-7	1.0245402793186398E-5	1.3495833421988949E-6	4.4144713845421916E-7
31	31	1.6039322393536887E-6	8.271619528633544E-6	0.9999142175455284	1.6035680684605756E-6	1.570376935732728E-5	1.0250250421692892E-5	3.2225459145964704E-6	1.6055368898795622E-6	3.7045239422769054E-5	4.879811857273978E-6	1.596180771673376E-6
32	32	1.0305516131464593E-6	5.314645244615801E-6	0.999944883427949	1.0303176276375016E-6	1.0089918044290195E-5	6.585946617973933E-6	2.070536279053868E-6	1.031582626269957E-6	2.3802147191651344E-5	3.135355632848513E-6	1.0255711736202747E-6
33	33	2.3244869133941933E-6	1.1987583312517136E-5	0.9998756804134702	2.323959141425708E-6	2.2758571382527435E-5	1.4855099473428788E-5	4.670250788967153E-6	2.3268124412790038E-6	5.368753874320787E-5	7.072031176722222E-6	2.3132531562937403E-6
34	34	4.6452403774280603E-7	2.3955912898548617E-6	4.58446420111442E-6	4.644185681166294E-7	4.548058933329304E-6	0.9999735402199069	9.333000505452391E-7	4.649887698076377E-7	1.0728884783030397E-5	1.4132703687529483E-6	4.6227909062038733E-7
35	35	2.829719567297531E-6	1.4593112513809444E-5	0.7081758509626183	2.829077082860347E-6	2.7705199970706094E-5	0.2916908921886712	5.685340694144816E-6	2.8325505540938112E-6	6.535665054782628E-5	8.609153652789519E-6	2.8160441268817355E-6
