0	0	7.853144841620381E-6	3.911608321248684E-6	0.11449665740654964	2.0331213666754156E-5	3.918326468192041E-6	7.895586546393711E-6	0.6206767361177428	1.6005053554508752E-5	2.074093511183657E-5	3.92130329468735E-6	7.897503559982125E-6	0.2647261876846282	7.944115714114386E-6
1	1	0.5175012874224727	1.8365745100716384E-7	1.8201447785295925E-6	9.545891539381174E-7	1.8397288078483512E-7	3.7071280665806077E-7	4.711951833655572E-6	0.4824865990847617	9.738263551215904E-7	1.8411264845105288E-7	3.70802814092415E-7	1.9867306999769505E-6	3.729913433905506E-7
2	2	1.7454547694528282E-4	8.694014357624053E-5	8.616238955028009E-4	0.43769546708658924	8.708946237604187E-5	1.7548879427247265E-4	0.5587223847490267	3.5573133598668024E-4	4.6099193181819563E-4	8.715562588262248E-5	1.7553140217769388E-4	9.404826831478972E-4	1.7656741269813446E-4
3	3	5.842583480022887E-5	2.9101587477319536E-5	2.884124885937745E-4	1.512601836510677E-4	2.9151569153627862E-5	5.8741592637596744E-5	0.9986496826964222	1.1907441334694629E-4	1.5430842966553406E-4	2.9173716150347198E-5	5.875585483719771E-5	3.148089932762938E-4	5.910263998785237E-5
4	4	6.523205895225771E-6	3.249173035209E-6	3.22010640033555E-5	1.6888099675072376E-5	3.2547534563816293E-6	6.558460049372213E-6	0.7354237906775104	1.3294579662767737E-5	1.722843433078854E-5	3.2572261539486407E-6	6.560052414544812E-6	0.2644605955030651	6.598770747742139E-6
5	5	3.0250883023542995E-5	1.5067798715857601E-5	0.1723759282906017	7.831730838581283E-5	1.5093677504727177E-5	0.13781169296918983	0.6892929754078216	6.165262612972315E-5	7.989558508354247E-5	1.5105144456108705E-5	3.0421756021214405E-5	1.629972436495369E-4	3.06013094167735E-5
6	6	9.032350043996453E-6	4.498963957124394E-6	4.458716872332821E-5	2.3384089095638922E-5	4.506690881313772E-6	9.08116467071071E-6	0.7118187887267201	0.06995457688686418	2.3855333111527065E-5	4.510114699346946E-6	9.08336953743848E-6	0.2180849581608594	9.136980835958784E-6
7	7	3.347991707046082E-5	1.6676162842873105E-5	1.652698028743779E-4	8.667703973791714E-5	1.6704803980540493E-5	3.366085665387577E-5	0.8696111673946717	0.12968329010003987	8.842378454907207E-5	1.6717494935082406E-5	3.366902936140345E-5	1.8039586467122736E-4	3.386774861162698E-5
8	8	1.3546329349606061E-5	6.747352261410864E-6	0.2067564542065525	3.507044909542713E-5	6.758940769320645E-6	1.36195394231006E-5	0.5893926725938438	2.7608013232915645E-5	3.5777200562338526E-5	6.764075664058402E-6	1.3622846187200848E-5	0.20367765520295603	1.3703250102358983E-5
9	9	2.8119960743590867E-5	1.4006398029852289E-5	0.1154069745030617	7.280050753026993E-5	1.4030453873992038E-5	2.8271932863828866E-5	0.8840819378622834	5.73097130803705E-5	7.426760780460379E-5	1.4041113074334926E-5	2.8278797164429237E-5	1.5151544796796067E-4	2.8445702521557847E-5
10	10	3.654488409446573E-5	1.8202806086725038E-5	1.8039966400299715E-4	9.461201365006795E-5	1.823406921841636E-5	3.674238805154197E-5	0.9991553875178895	7.44800763097288E-5	9.65186667200837E-5	1.824792198459276E-5	3.6751308941301294E-5	1.9691046282033662E-4	3.6968220230283116E-5
11	11	9.724045220381993E-5	4.8434935261421197E-5	4.800164329355517E-4	0.5981577223737625	4.851812176312451E-5	9.776598059374432E-5	0.3777019732300381	1.9818030567046808E-4	2.568216873724343E-4	4.8554981895004665E-5	9.778971774261623E-5	0.02266861489463099	9.836688613024015E-5
12	12	1.393317378355789E-5	6.94003734966431E-6	6.877952773230593E-5	3.607196084659029E-5	6.951956792225612E-6	1.4008474527425905E-5	0.9996779813978179	2.8396419152777063E-5	3.6798895114621167E-5	6.957238324875158E-6	1.4011875723254009E-5	7.507446709051261E-5	1.4094575744334577E-5
13	13	2.9050114449850508E-5	1.4469702483141193E-5	1.4340258604884378E-4	7.520860697657862E-5	1.4494554047900463E-5	2.9207113512770838E-5	0.9265568753109742	0.0728309340887704	7.672423607960003E-5	1.4505565833895768E-5	2.921420487110797E-5	1.565272848182347E-4	2.9386631133402254E-5
14	14	0.1986541428950235	1.0850524433334692E-4	0.0010753457201620176	5.639734670061284E-4	1.0869160097125377E-4	2.1901797854291614E-4	0.7965290408546216	4.439688496075952E-4	5.753388496968697E-4	1.0877417602981902E-4	2.1907115514208415E-4	0.0011737650655793525	2.2036414328344538E-4
15	15	2.083918940642566E-6	1.0379885808069811E-6	1.0287028841838136E-5	5.395112671531708E-6	1.0397713154876259E-6	2.0951813169560095E-6	2.6630840022146563E-5	4.2471181827021374E-6	5.5038367937801035E-6	1.0405612493601942E-6	2.0956900177385537E-6	1.1228533165443398E-5	0.9999273144189016
16	16	2.3695478641380836E-6	1.180258779111873E-6	1.169700353747364E-5	6.134584919925144E-6	1.1822858613905838E-6	2.3823538995448205E-6	3.028095232688027E-5	4.829242453864717E-6	6.258211135239707E-6	1.1831840662506908E-6	2.3829323245637856E-6	1.2767553603297083E-5	0.9999173518892284
17	17	3.950378165045384E-5	1.9676616711022317E-5	1.9500592526626323E-4	0.6568274868048758	1.9710411097258458E-5	3.971727673707862E-5	5.048271642843556E-4	8.051043927908456E-5	1.0433340889650054E-4	1.9725385468195654E-5	3.972691991668945E-5	0.3420698144721457	3.9961393671628905E-5
18	18	2.423936721134463E-5	1.2073495701135508E-5	0.11604081838354874	6.275393665336717E-5	1.2094231805463647E-5	2.4370366968489564E-5	0.8835186247832985	4.9400893294224034E-5	6.401857505772725E-5	1.2103420021394903E-5	2.4376283986099175E-5	1.3060610628070848E-4	2.4520156172759433E-5
19	19	2.6913521553461892E-5	1.3405477294228202E-5	1.3285553821518908E-4	0.9378132951748117	1.3428501063203035E-5	2.70589735678102E-5	3.4393357291615044E-4	5.485093710747143E-5	7.108128213972802E-5	1.3438702948646151E-5	0.061317498095622085	1.450149348269472E-4	2.7225287933298512E-5
20	20	7.024061810558811E-6	3.4986466162615434E-6	3.467348226596197E-5	1.8184778755397686E-5	3.504655505736301E-6	7.062022801179207E-6	0.7343046200151763	1.4315345981187475E-5	1.855124452336849E-5	3.507318058601943E-6	7.063737429166881E-6	0.2655708892624955	7.1054285807184335E-6
21	21	1.8962004960956883E-4	9.444870544057542E-5	9.360378089960383E-4	4.909123442726675E-4	9.461092011792767E-5	1.906448362812703E-4	0.002423194639512638	3.864539761097228E-4	5.00805374683985E-4	9.468279781776683E-5	1.9069112400664254E-4	0.9942160808138572	1.918166092940302E-4
22	22	2.7079492937002353E-5	1.3488146728962842E-5	1.336748370737493E-4	7.01068130020578E-5	1.3511312481839095E-5	2.7225841930663165E-5	0.6231969031264748	5.518919406511757E-5	0.37624876480510994	1.3521577280678302E-5	2.7232452244998956E-5	1.4590921873994044E-4	2.7393181930247258E-5
23	23	5.47104337524258E-7	2.725096661797424E-7	2.70071833881955E-6	0.9999817803683866	2.7297769872045866E-7	5.500611199651409E-7	6.991561813598398E-6	1.1150226308793026E-6	1.4449568666880196E-6	2.731850850249884E-7	5.501946723789148E-7	2.9478973865244733E-6	5.534419971413404E-7
24	24	2.0623863792899726E-6	1.0272633302400727E-6	1.0180735801666198E-5	5.3393664559096685E-6	1.0290276444135E-6	2.073532384566032E-6	0.9999523348528242	4.203233878443858E-6	5.446967161701136E-6	1.0298094161165885E-6	2.0740358290832792E-6	1.1112511820001816E-5	2.086277074308027E-6
25	25	2.3974684042878555E-5	1.1941658468390322E-5	1.1834830108459093E-4	6.206869142223924E-5	1.1962168143631126E-5	2.410425334061887E-5	0.8793307710374347	4.886145739030117E-5	6.331952053459466E-5	1.1971256028308517E-5	2.4110105747013384E-5	0.12024431445944957	2.425240691303241E-5
26	26	9.088433297205192E-6	4.5268987175749254E-6	4.48640173243225E-5	2.3529284508064075E-5	4.53467361942723E-6	9.137551021458512E-6	0.736935761565937	1.8522625595472395E-5	0.26287819322117767	4.538118696474144E-6	9.13976957854354E-6	4.897012676900093E-5	9.193713757877267E-6
27	27	7.070842314116484E-8	3.5219477281955294E-8	3.4904408901325783E-7	1.8305890034057507E-7	3.527996637089682E-8	7.109056126295783E-8	9.035978646606981E-7	1.4410686698804111E-7	1.867479647718532E-7	0.3339980927162302	0.46877605448957027	0.19722380241257584	7.152750989883373E-8
28	28	1.28609828326043E-7	0.19719916551636116	6.348677904553768E-7	3.329613743380068E-7	0.430218035548856	0.3725784405522223	1.6435321435153836E-6	2.621124697822042E-7	3.3967132376288907E-7	6.42186224391639E-8	1.2933628470349727E-7	6.929730780774392E-7	1.300996452758231E-7
29	29	6.46557680404455E-6	3.2204683013531107E-6	3.191658454902157E-5	1.6738902201976428E-5	3.2259994224414333E-6	6.500519506291964E-6	8.262497075165507E-5	1.3177129047854235E-5	0.9997850211269199	3.2284502750267216E-6	6.502097803756261E-6	3.4837700335671514E-5	6.540474080855704E-6
30	30	8.274006477697612E-7	4.1212371910804483E-7	4.084369195636089E-6	2.142079344909526E-6	4.1283153734454123E-7	8.318722696142733E-7	1.0573527527986648E-5	1.6862788023985875E-6	0.9999724891275389	4.131451732471242E-7	8.32074244532198E-7	4.4581847371315865E-6	8.36985261366954E-7
31	31	2.5767250825742294E-6	1.2834526139324175E-6	0.999920238834557	6.670951481329347E-6	1.2856569305579843E-6	2.590650790993239E-6	3.292851373284603E-5	5.251478709940251E-6	6.805386735702497E-6	1.2866336683683302E-6	2.5912797895787127E-6	1.3883862027278908E-5	2.6065738799243873E-6
32	32	1.8534628654577283E-6	9.231996752722498E-7	0.9999426270348923	4.798478864327189E-6	9.247852611916906E-7	1.8634797600051435E-6	2.3685793192020428E-5	3.7774385957744926E-6	4.895179421741744E-6	9.25487837990825E-7	1.8639322046716255E-6	9.986794039739702E-6	1.874933389356933E-6
33	33	4.2917587956840095E-6	2.1377014885830007E-6	0.9998671508708247	1.1111047464549114E-5	2.1413729688391705E-6	4.314953269164163E-6	5.484529156698365E-5	8.746792622989928E-6	1.1334961024170916E-5	2.1429998102577517E-6	4.316000920785958E-6	2.3124774690402357E-5	4.3414745528807955E-6
34	34	8.736585649372148E-7	4.351645336307665E-7	4.312716142719466E-6	2.2618376858898334E-6	4.3591192422853884E-7	8.783801840635094E-7	1.1164667215725326E-5	1.7805544660360814E-6	0.999970951062923	4.362430947362028E-7	8.7859345089793E-7	4.7074307835823805E-6	8.837790304980918E-7
35	35	5.1590276905796055E-6	2.569683362653948E-6	0.999840305019757	1.3356342765254899E-5	2.5740967673229257E-6	5.186909250715944E-6	6.592830384049699E-5	1.0514324661288559E-5	1.3625504269752036E-5	2.5760523571699322E-6	5.188168609404127E-6	2.7797776773050512E-5	5.2187898953648054E-6
