0	0	2.5519410524118214E-6	0.9999310830677883	7.76055964831945E-6	2.5436644903009394E-6	1.0479910521202132E-5	2.549841756411388E-6	7.718851783992402E-6	2.554817144702491E-6	2.4979930440180634E-5	7.777415374243744E-6
1	1	1.2169214642007863E-7	3.1601171235862235E-6	3.7007091528720835E-7	1.2129746935365488E-7	4.997461851284355E-7	0.9999936750943789	3.6808202940453526E-7	1.2182929607869755E-7	1.1911957565857135E-6	3.708746993186841E-7
2	2	5.6897107308284485E-5	0.16099526218895555	1.7302648690316154E-4	5.6712576226690165E-5	2.336560999097219E-4	5.6850302202933155E-5	0.8376402886808936	5.6961231568339833E-5	5.569430302730515E-4	1.7340229575884308E-4
3	3	1.900388830482824E-5	0.33349125921089257	5.779162046091812E-5	1.894225409828788E-5	7.804218236204784E-5	1.8988255190312012E-5	0.6660530086773409	1.902530609447295E-5	1.8602146295617651E-4	5.7917142299465046E-5
4	4	2.1197142877599504E-6	0.999942755650355	6.446139949827264E-6	2.112839541596285E-6	8.704909560996052E-6	2.117970553232011E-6	6.411496220168054E-6	2.122103251218055E-6	2.0749035488597057E-5	6.460140791672152E-6
5	5	9.834376878872914E-6	0.8618752385430256	0.13788908406318615	9.802481615860123E-6	4.038627366606402E-5	9.826286853427747E-6	2.974602310825312E-5	9.845460432506778E-6	9.626478249746117E-5	2.9971708735813864E-5
6	6	2.935197699706844E-6	0.9999207329570926	8.926059168434531E-6	2.925678143584503E-6	1.205380869824341E-5	2.9327831263820988E-6	8.878087516692524E-6	2.938505730457688E-6	2.873147649612047E-5	8.9454463278335E-6
7	7	1.0884772971855657E-5	0.9997060491815307	3.310105060094055E-5	1.0849471020237586E-5	4.469987528937575E-5	1.0875818862063877E-5	3.292315439369399E-5	1.0897040344411327E-5	1.0654668979800336E-4	3.317294518870479E-5
8	8	4.4024542837681065E-6	0.854853210827645	1.3388047908039369E-5	4.388176059635348E-6	1.8079307483990947E-5	4.398832705338122E-6	1.3316096024276266E-5	4.407415944153485E-6	0.14507099171555954	1.341712638645144E-5
9	9	9.14126302849211E-6	0.999753133872795	2.7798963822673013E-5	9.111615701350397E-6	3.753990261602281E-5	9.133743177319808E-6	2.7649562817579314E-5	9.15156542795325E-6	8.948016819248929E-5	2.785934242117729E-5
10	10	1.1881915800250982E-5	0.9996791206501506	3.6133403715187604E-5	1.1843379873245888E-5	4.879478477349774E-5	1.187214141369398E-5	3.593921061982833E-5	1.189530697415729E-5	1.1630732218749344E-4	3.621188449200465E-5
11	11	3.165190434670849E-5	0.577630945607428	9.62547671049782E-5	3.154924956477078E-5	0.4216442559027682	3.1625866630775216E-5	9.573746153048716E-5	3.1687576721660306E-5	3.098278340452965E-4	9.64638298590516E-5
12	12	4.528208519152749E-6	0.9998777125987061	1.3770471806040065E-5	4.513522443616494E-6	1.859573521779292E-5	4.524483491874238E-6	1.3696464647299895E-5	4.5333119072581184E-6	4.432482236224285E-5	1.3800380898828381E-5
13	13	9.443802428815374E-6	0.9997449635871515	2.8718998813276155E-5	9.413173893218474E-6	3.878232388650218E-5	9.436033700517766E-6	2.8564653229917084E-5	9.454445796668426E-6	9.244160539667026E-5	2.878137570292761E-5
14	14	7.106783350959612E-5	0.9980807640287032	2.161202589326321E-4	7.083734333523568E-5	2.9185021159182633E-4	7.100937118010572E-5	2.1495875578770874E-4	7.114792848196173E-5	6.956546021806636E-4	2.165896662970926E-4
15	15	6.771128364324929E-7	1.7583352187937977E-5	2.059128501738268E-6	0.9999648056643891	2.780660600237394E-6	6.765558250281654E-7	2.0480620508540135E-6	6.778759571193663E-7	6.627986778241434E-6	2.0636008732219045E-6
16	16	7.753637612143665E-7	2.013474468897576E-5	0.20216796687008953	7.72849068987384E-7	3.184142059719489E-6	7.747259259315882E-7	2.345241456826077E-6	7.762376128003919E-7	0.7978009067903311	2.3630350048253866E-6
17	17	1.284465885275292E-5	0.5044947759226698	3.906114566984022E-5	1.2803000517154839E-5	0.49521109361249177	1.2834092487620374E-5	3.8851217902013644E-5	1.2859135058724753E-5	1.257312289272423E-4	3.914598542309724E-5
18	18	7.879184637306421E-6	0.9997872171721913	2.3960930563090104E-5	7.853630535665971E-6	3.235699739261708E-5	7.872703006086867E-6	2.3832156442876806E-5	7.888064647356304E-6	7.712618752664358E-5	2.401297305702931E-5
19	19	8.748875391402394E-6	2.2719190802218542E-4	2.6605696580069617E-5	8.7205006722807E-6	0.9995724671708848	8.741678328954535E-6	2.6462708595494508E-5	8.758735561582055E-6	8.563924252893435E-5	2.6663483434356052E-5
20	20	2.2824886612821073E-6	0.9999383598158763	6.9411436387810775E-6	2.275085998452325E-6	9.373365781034812E-6	2.2806110241348324E-6	6.903839592387527E-6	2.285061074949755E-6	2.2342368737491903E-5	6.9562196152671035E-6
21	21	6.18284771128346E-5	0.9983302792351278	1.8802298906764675E-4	6.162795240613655E-5	2.539074745446495E-4	6.177761532878469E-5	1.8701249012507404E-4	6.189815913240948E-5	6.052142372337481E-4	1.8843136992093706E-4
22	22	8.802855611205985E-6	0.9997622727990312	2.6769852689874442E-5	8.774305821174428E-6	3.615018420951105E-5	8.795614143163636E-6	2.6625982475013573E-5	8.812776618250933E-6	8.616763331388802E-5	2.682799608679711E-5
23	23	1.801179533962561E-7	4.677325904236824E-6	5.477462419219293E-7	1.7953378730544452E-7	0.999991198144362	1.799697834772003E-7	5.448024689237181E-7	1.8032095019223799E-7	1.7631026165803818E-6	5.48935931963407E-7
24	24	6.701161461567388E-7	1.7401661245676875E-5	2.0378512734988107E-6	6.679427974032755E-7	2.751927692020266E-6	6.695648904198073E-7	0.9999665282881669	6.708713814236323E-7	6.559498975110305E-6	2.0422774314174618E-6
25	25	7.793108879189181E-6	0.9997895417075413	2.3699170576701765E-5	7.767833942052796E-6	3.200351499447909E-5	7.786698056225397E-6	2.357180324291796E-5	7.80189188001383E-6	7.628362635215157E-5	2.375064453502132E-5
26	26	2.95342588899605E-6	0.9999202406922402	8.981491855692745E-6	2.943847214446707E-6	1.2128665361775618E-5	2.9509963206678605E-6	8.933222289998107E-6	2.9567544633071137E-6	2.8909904951614953E-5	9.000999413391065E-6
27	27	2.3397391742439238E-8	6.075864422450324E-7	7.11524484708178E-8	2.332150834152529E-8	9.60847319175095E-8	2.3378144412702112E-8	7.077005122089773E-8	0.7616344233099778	2.2902771114380368E-7	0.2383644319715927
28	28	0.621052842405535	1.0971089451431985E-6	0.37894509026836953	4.211126785709364E-8	1.734986358301146E-7	4.2213534688585575E-8	1.2778832910721357E-7	4.229590400648053E-8	4.1355160864535234E-7	1.2875787011592403E-7
29	29	2.1009854656440677E-6	0.6273779568655935	6.38918481717022E-6	2.0941714615807575E-6	8.627996977236933E-6	2.099257137953729E-6	6.3548471835985654E-6	2.1033533213180215E-6	0.372585870276088	6.403061954005476E-6
30	30	2.6883504874361483E-7	6.981142710904329E-6	8.175386454800484E-7	2.6796315165319985E-7	1.1040095354606344E-6	2.686138977330652E-7	8.131449171340284E-7	2.6913803160852964E-7	0.9999883902997441	8.193143173342961E-7
31	31	8.372445092343941E-7	2.1741671817727176E-5	2.546095627091673E-6	8.34529122773518E-7	3.4382641922123417E-6	8.365557691680985E-7	2.5324120506757087E-6	8.381881017504278E-7	0.9999638434131313	2.5516256780173943E-6
32	32	6.022298041219373E-7	1.563878008832381E-5	1.8314060634225892E-6	6.002766271964246E-7	2.473142729701461E-6	6.017343935332247E-7	1.8215634697073922E-6	6.029085300255822E-7	0.9012012889714552	0.09877453898683865
33	33	1.394547920992196E-6	3.6213797639630446E-5	4.240878649242926E-6	1.3900250647632935E-6	5.726910273148508E-6	1.3934007280073952E-6	4.218086737403372E-6	1.3961196064042647E-6	0.9999397761436574	4.2500897231124905E-6
34	34	2.838651945315523E-7	7.371447446844311E-6	8.632459484759338E-7	2.8294455104277046E-7	1.1657329764583572E-6	2.8363167931497657E-7	8.586065736716046E-7	2.841851166930811E-7	0.9999877412196176	8.651208953576216E-7
35	35	1.676382164936613E-6	4.3532505103522955E-5	5.097948391901192E-6	1.6709452520829406E-6	6.884302860863935E-6	1.6750031274503342E-6	5.070550298269923E-6	1.6782714835853469E-6	0.8542296165170574	0.14570309757425998
