0	0	5.2708059868223325E-6	5.241172170004799E-6	5.271124577696093E-6	2.1601434068940655E-5	2.7200979033763935E-5	5.1126485459605456E-5	7.055131346888215E-5	2.1962680022557695E-5	0.9997438439991589	5.265486843185506E-6	1.594473094674045E-5	1.0656174497599802E-5	1.606361376529972E-5
1	1	1.9879554723629795E-7	1.9767786792014208E-7	1.9880756332022363E-7	8.147271816796277E-7	1.0259215622619048E-6	1.92830426326096E-6	2.6609378156492536E-6	8.283520593958141E-7	3.506507180164851E-6	1.9859492856948398E-7	6.013770042034462E-7	0.9999872341361965	6.05860829833069E-7
2	2	1.224408263422841E-4	1.21752432759237E-4	1.224482272084791E-4	5.018013268164363E-4	0.46740354532349954	0.001187668288929921	0.5267570319397683	5.101930705429669E-4	0.002159704493804396	1.2231726263230223E-4	3.7039610978003125E-4	2.475429401870857E-4	3.7315775772888175E-4
3	3	3.548442480356442E-5	3.528492230866452E-5	3.5486569639464524E-5	1.4542642335628749E-4	1.8312400371405736E-4	3.441966813609927E-4	0.271024011114029	1.4785842425117223E-4	6.259012945084688E-4	3.544861495723878E-5	0.7272078930236854	7.174011405449344E-5	1.081443893312277E-4
4	4	3.973411215452869E-6	3.951071683245869E-6	3.9736513860366674E-6	1.628429895047998E-5	2.0505530925302702E-5	3.854183804901487E-5	0.17235630975795363	1.65566251805153E-5	0.8275037716511725	3.9694013647704475E-6	1.2019978145572466E-5	8.033185696541391E-6	1.2109598276870987E-5
5	5	1.8225913144093776E-5	1.812344240758883E-5	1.8227014799060432E-5	0.12166685716700519	9.405822990699438E-5	1.767902073571338E-4	2.439592947834532E-4	7.594472259146597E-5	0.8775220769026175	1.8207520084252808E-5	5.513526433486449E-5	3.684797189028233E-5	5.5546349078033454E-5
6	6	4.924481038086773E-6	4.896794348542721E-6	4.924778695545739E-6	2.018208462499524E-5	2.5413704432312573E-5	4.7767155311598616E-5	0.3285972157983681	2.0519594458049288E-5	0.6712293749041109	4.919511395484882E-6	1.48970623090524E-5	9.955997125140042E-6	1.5008133782222365E-5
7	7	2.034645877553474E-5	2.0232065790145574E-5	2.0347688605677498E-5	8.33862390068936E-5	1.0500170181720599E-4	1.9735936616573912E-4	2.723434318476701E-4	8.478072704562505E-5	0.999011182061292	2.0325925722905137E-5	6.155013326347712E-5	4.1135153838404294E-5	6.200904682868574E-5
8	8	8.595568188163768E-6	8.547241709487169E-6	8.596087742400138E-6	3.522736370223413E-5	4.435903553537724E-5	0.2540370658782907	1.1505424923672776E-4	3.581647933934478E-5	0.7456285744081372	8.586893791506543E-6	2.600247902071991E-5	1.7377963588129013E-5	2.619635171796623E-5
9	9	1.576182347505335E-5	1.5673206479713776E-5	1.57627761895197E-5	6.459694996436659E-5	8.134183480680376E-5	0.20294846191559832	2.1097671809773599E-4	6.567722022402412E-5	0.7964384176173045	1.574591710262156E-5	4.768113931115459E-5	3.186623483589722E-5	4.803664661023423E-5
10	10	2.0151080880555204E-5	2.003778635956873E-5	2.0152298901192086E-5	8.258551844774563E-5	1.0399341768793123E-4	1.9546421291369886E-4	0.32675644037973195	8.396661584486286E-5	0.6725339650959394	2.0130744997597462E-5	6.095909500933198E-5	4.074015145222638E-5	6.141360183392115E-5
11	11	6.739180354707983E-5	6.701290962339713E-5	6.739587700636292E-5	2.761929778384606E-4	0.9958839045171232	6.536962416678883E-4	9.020594324986335E-4	2.8081181913127285E-4	0.001188707927855171	6.73237937049593E-5	2.038671463643834E-4	1.3624838783690463E-4	2.0538716580230233E-4
12	12	8.066892785590877E-6	8.021538654990634E-6	8.067380384342854E-6	3.3060684283355726E-5	4.163070734856767E-5	7.824835096147322E-5	0.23844209834613747	3.361356602181145E-5	0.7612738363482378	8.058751912726894E-6	2.4403181480028887E-5	1.6309121867054397E-5	2.4585129924681212E-5
13	13	1.6125169359903586E-5	1.6034509541242498E-5	1.6126144036605544E-5	6.608605660108138E-5	8.321694912907728E-5	1.5641312521727155E-4	0.21537040427367304	6.719122954753743E-5	0.7840617685239311	1.6108896309404683E-5	4.878029803356378E-5	3.2600824035657004E-5	4.9144000584567106E-5
14	14	1.300274686206752E-4	1.2929642099798028E-4	1.300353280571531E-4	5.328937922555037E-4	6.710310447030317E-4	0.0012612582402776154	0.0017404565300179235	5.418055027255383E-4	0.993680792568606	1.298962486926309E-4	3.9334648401511877E-4	2.628811226532067E-4	3.9627924837760904E-4
15	15	1.1976866152382602E-6	0.9999218588500546	1.1977590087253653E-6	4.908499481674064E-6	6.180885540383248E-6	1.161748458817007E-5	1.6031393308806154E-5	4.990585493668778E-6	2.1125708167539263E-5	1.1964779448462396E-6	3.6231253599981964E-6	2.421405302590733E-6	3.6501391337789454E-6
16	16	1.2889031146956494E-6	1.2816565723467314E-6	1.2889810217122481E-6	0.1959344995744416	6.65162532770933E-6	1.250227887671794E-5	1.72523534167748E-5	0.5576973119085527	2.273465421660065E-5	1.2876023912734329E-6	3.899064665179948E-6	0.14126818564972668	0.10503181574767612
17	17	2.6185919546801402E-5	2.6038695622227315E-5	2.618750233983334E-5	1.0731820067728132E-4	0.42439797602635904	2.5400176714967143E-4	0.4994832577669206	1.0911290864066935E-4	4.6188718100881424E-4	2.6159493480715863E-5	0.07494912781460177	5.294099778448764E-5	7.980572586824167E-5
18	18	1.5082136685166895E-5	1.4997341062474152E-5	1.5083048316351333E-5	6.181137800137468E-5	7.783418414247453E-5	0.1654486183144901	0.6398499965635915	6.284506447419063E-5	0.19431658275440716	1.5066916232814973E-5	4.5625016771283436E-5	3.0492088063116815E-5	4.5965193761958394E-5
19	19	1.5082136685166895E-5	1.4997341062474152E-5	1.5083048316351333E-5	6.181137800137468E-5	0.9272082519107199	1.4629577409257794E-4	2.018789072707343E-4	6.284506447419063E-5	2.6603020698397754E-4	1.5066916232814973E-5	4.5625016771283436E-5	3.0492088063116815E-5	0.0719165402113261
20	20	4.912952048628915E-6	4.8853301780067776E-6	4.913249009224663E-6	2.013483517087417E-5	2.5354206928267136E-5	4.765532484139069E-5	6.576133155099737E-5	2.0471554839994777E-5	0.9997612353495372	4.90799404074685E-6	1.4862185928579862E-5	9.932688560235345E-6	1.497299736585298E-5
21	21	1.3861637549272281E-4	1.3783703884297102E-4	1.386247540807976E-4	5.680938557722908E-4	7.153557032720654E-4	0.0013445700949361824	0.992673780592878	5.775942253318987E-4	0.002445021142128028	1.3847648789042718E-4	4.19328811868543E-4	2.802456188234313E-4	4.224552986825606E-4
22	22	1.6125169359903586E-5	1.6034509541242498E-5	1.6126144036605544E-5	0.13837973438237178	8.321694912907728E-5	1.5641312521727155E-4	0.47662951777790663	0.38427176991224393	2.8442801123038444E-4	1.6108896309404683E-5	4.878029803356378E-5	3.2600824035657004E-5	4.9144000584567106E-5
23	23	2.80244988659592E-7	2.7866937979090417E-7	2.802619279087367E-7	1.1485328165779925E-6	0.9999828834506393	2.718358705225264E-6	3.751162932659213E-6	1.167740005844271E-6	4.943174425189788E-6	2.799621735926159E-7	8.477699529296191E-7	5.665811848701524E-7	8.540908674581102E-7
24	24	1.1466415547570064E-6	1.1401948432153572E-6	1.146710862854427E-6	4.699300639734588E-6	5.917457969078373E-6	1.112235072268456E-5	1.5348139917948155E-5	4.777888169410451E-6	2.022533653659569E-5	1.1454843975508875E-6	0.9999275177174347	2.318205702171232E-6	3.494571249427435E-6
25	25	1.3884658607513422E-5	1.3806595512271873E-5	1.388549785781569E-5	5.6903733172840934E-5	7.165437479925842E-5	1.3468031230582061E-4	1.858503052998281E-4	5.785534792623126E-5	0.9993252192110966	1.3870646615103474E-5	4.200252225895636E-5	2.807110436832162E-5	4.2315690179407465E-5
26	26	5.5059005365039655E-6	5.474944958111925E-6	5.506233337534235E-6	2.2564926071418392E-5	2.8414228379846883E-5	5.3406887755948916E-5	7.369812428128584E-5	2.294228473246618E-5	0.9997324186346479	5.5003441423060075E-6	1.665591617174978E-5	1.1131473446395387E-5	1.6780101538489336E-5
27	27	3.6194908383470613E-8	3.5991411368508423E-8	0.45682739313592274	1.4833821032905394E-7	1.8679058696701318E-7	3.5108832725123767E-7	0.11851066984275192	1.508189057346063E-7	6.384333446925155E-7	0.27458629012146085	1.0949332554816586E-7	7.317652378463497E-8	0.15007391657432043
28	28	0.8141773374408028	6.602246010192486E-8	6.639976723430117E-8	0.18581860315843854	3.4264769306144156E-7	6.440346237290944E-7	8.88727011353531E-7	2.766614258198142E-7	1.1711388474357261E-6	6.632874932271249E-8	2.00853993843544E-7	1.3423463927274267E-7	2.023515474232667E-7
29	29	3.655061624790315E-6	3.634511935252011E-6	3.6552825529139454E-6	1.497960139364251E-5	1.886262838579184E-5	0.9997933506983074	4.892409227039823E-5	1.523010885407219E-5	6.44707590760971E-5	3.6513730432275864E-6	1.1056937847217716E-5	7.3895670928931E-6	1.1139377616211159E-5
30	30	4.6129903460383827E-7	4.587054936684041E-7	4.613269175619412E-7	1.890549700932613E-6	2.380619852054044E-6	4.4745715255252395E-6	6.174625450945315E-6	0.9999713667417203	8.136743501195111E-6	4.6083350507557984E-7	1.3954770885398642E-6	9.326245398906062E-7	1.4058816698447884E-6
31	31	1.6679503838026974E-6	1.6585727409416399E-6	1.6680512021161572E-6	6.835789504690173E-6	8.607769576912147E-6	0.9999056976824323	2.2326014403188277E-5	6.950106049159678E-6	2.9420578470054236E-5	1.6662671369344332E-6	5.0457216920405205E-6	3.372154161541372E-6	5.083342246342695E-6
32	32	1.071687673064451E-6	1.0656623713803064E-6	1.0717524506170709E-6	4.392115868061927E-6	5.530644459054343E-6	0.9999394090901863	1.4344859809323047E-5	4.465566273256824E-6	1.8903242918353003E-5	1.0706061571291087E-6	3.241965583379954E-6	2.166668794042717E-6	3.2661374560513546E-6
33	33	2.4172551023213623E-6	2.403664677046266E-6	2.417401211932886E-6	9.906677811923301E-6	1.247469656858736E-5	0.9998633336096115	3.235568201229596E-5	1.0072349556767808E-5	4.263738544659077E-5	2.4148156789906144E-6	7.312445635925636E-6	4.887049957814767E-6	7.366966728232808E-6
34	34	4.871043921647334E-7	4.843657669213618E-7	4.871338349130152E-7	1.9963082379326023E-6	2.5137932209330355E-6	4.6896245627875085E-4	6.520037874587359E-6	0.9995055274048652	8.591918040222604E-6	4.866128206224435E-7	1.4735409528372045E-6	9.847961420761837E-7	1.4845275729514567E-6
35	35	2.9426429164809655E-6	2.926098626790845E-6	2.9428207828604663E-6	1.2059883651137977E-5	1.5186058541173689E-5	0.99983362931566	3.9388154932410376E-5	1.2261563972738937E-5	5.1904575624306104E-5	2.939673287095292E-6	8.901797883080037E-6	5.949245045358213E-6	8.968169076555826E-6
