0	0	9.89966098373139E-6	3.231517527208424E-6	0.9998857520768422	9.701197412805804E-6	6.518739706322457E-6	3.2403649782795477E-6	3.2366316231695626E-6	6.534444257333137E-6	3.2406500254957036E-6	1.673977668944753E-5	2.0571039670734996E-5	3.133390028342621E-5
1	1	4.6688823550828115E-7	1.52404968086467E-7	3.9972788203873165E-6	0.5846427982693914	3.074370813530116E-7	1.5282223195299042E-7	0.4153484264607881	3.081777400607064E-7	1.5283567536201285E-7	7.894820655154341E-7	9.701722544058499E-7	1.477770747802634E-6
2	2	2.204194760143566E-4	7.195088814142537E-5	0.6390513530302285	2.1600061395602512E-4	1.4514206018800406E-4	7.214787978915598E-5	7.206475530858329E-5	1.4549172760696955E-4	7.215422646689855E-5	0.35877759337641724	4.580215214182915E-4	6.976604444646006E-4
3	3	7.369083645014059E-5	2.405468530433669E-5	0.9991495643099257	7.221351853284807E-5	4.8524023433637184E-5	2.4120543728272035E-5	2.409275347754806E-5	4.864092455802445E-5	2.412266555525387E-5	1.246071101082288E-4	1.5312616487338674E-4	2.33242464052608E-4
4	4	8.223026807462751E-6	2.684218712003282E-6	0.9999051014235368	8.058175580061352E-6	5.414707780806959E-6	2.691567734101627E-6	2.688466670418574E-6	5.427752565287176E-6	2.691804504926779E-6	1.3904681452675697E-5	1.7087071057061098E-5	2.602710359843668E-5
5	5	3.814322728119575E-5	1.2450982685774673E-5	0.675670409576756	3.737855048011211E-5	2.5116594458519822E-5	1.2485071765958298E-5	1.2470687211505818E-5	2.517710382945019E-5	1.248617004808832E-5	6.44980780605875E-5	0.3239686549665937	1.2072899082919536E-4
6	6	0.11521134972253651	3.71679897661144E-6	0.884668631892666	1.1158039624488958E-5	7.4976678496266654E-6	3.7269750616271937E-6	3.722681063425022E-6	7.515730774748741E-6	3.7273029147774166E-6	1.9253612070546475E-5	2.366022110425329E-5	3.6039355357385314E-5
7	7	4.2216143364775716E-5	1.3780492830876312E-5	0.9995128008210493	4.1369814730224654E-5	2.7798532742889707E-5	1.3818221927200437E-5	1.3802301396708155E-5	2.7865503276328766E-5	1.3819437483385923E-5	7.138515286305103E-5	8.772320196917569E-5	1.3362037636607205E-4
8	8	1.7077505689894055E-5	5.5745604873323015E-6	0.7190351370097329	0.015443536161125256	1.1245214821861483E-5	5.589822868160945E-6	5.5833826079098175E-6	1.127230610909676E-5	5.590314591611253E-6	2.8877113280079644E-5	3.548627044919271E-5	0.26539503033823675
9	9	3.5455557696385484E-5	1.1573654524241437E-5	0.8714770696501323	3.4744761983163956E-5	2.3346814819725147E-5	1.160534160043866E-5	1.1591970618571634E-5	2.340306054524747E-5	1.1606362494794056E-5	5.995337812200577E-5	0.12178173971511994	0.006517909732343241
10	10	4.6082371691762963E-5	1.5042534493048446E-5	0.9994681822671879	4.515853479899493E-5	3.034437104485355E-5	1.5083718886075056E-5	1.5066340325524509E-5	3.0417474857005876E-5	1.5085045765024366E-5	7.79227301528734E-5	9.575704640296727E-5	1.4585756439401142E-4
11	11	1.2269689003085492E-4	4.005158876857055E-5	0.33356165079920197	1.202371226734672E-4	8.079358376017252E-5	4.016124451667253E-5	4.011497312797258E-5	8.098822674557455E-5	4.016477740603023E-5	0.6652298283894268	2.5495848761370176E-4	3.883539167281888E-4
12	12	1.7565262136722328E-5	5.733777404914097E-6	0.9997972865210087	1.7213122335811297E-5	1.15663932260694E-5	5.749475699791213E-6	5.742851497077189E-6	1.1594258276771182E-5	5.749981467522185E-6	2.9701882331480647E-5	3.649980588579503E-5	5.559666872924032E-5
13	13	3.662871833342792E-5	1.1956605937129587E-5	0.9995772829994473	3.58944036684282E-5	2.411931893265898E-5	1.1989341481688692E-5	1.1975528078079515E-5	2.4177425728080406E-5	1.1990396155602221E-5	6.193712757738744E-5	7.611279004032294E-5	1.1593534461992618E-4
14	14	2.7521947757741587E-4	8.983909318532448E-5	0.7979303041019147	0.19916320290915435	1.8122682578580545E-4	9.008506028113593E-5	8.998126965187402E-5	1.8166342642615568E-4	9.009298485007262E-5	4.653808451424198E-4	5.718934012697904E-4	8.711106047610281E-4
15	15	2.626824729742174E-6	0.9999480527155782	2.248964539797617E-5	2.574163429833319E-6	1.7297144513797104E-6	8.598143787270254E-7	8.588237519223363E-7	1.7338815741763543E-6	8.598900145571587E-7	4.4418146692563005E-6	5.458420830005686E-6	8.3142911943188E-6
16	16	3.0079767915746378E-6	9.818851109531436E-7	2.575289117766736E-5	2.94767434118788E-6	1.9806958823294243E-6	9.84573377503914E-7	9.834390108277221E-7	1.9854676543163495E-6	9.846599880870553E-7	5.086321628664625E-6	0.9999457837208438	9.520694193159591E-6
17	17	0.27004943990798175	1.6260978094110733E-5	4.2649307401510276E-4	4.8816371035608624E-5	0.06303271473120399	1.6305498418337643E-5	1.6286712196338267E-5	3.288128689726539E-5	1.6306932774332518E-5	0.6660833091403027	1.0351335638518725E-4	1.5767201069523428E-4
18	18	3.056138979340759E-5	9.976065537551435E-6	0.8560891437043128	2.994870996923827E-5	2.01240977296167E-5	1.0003378634566277E-5	9.991853338807063E-6	2.0172579481239973E-5	1.0004258608041814E-5	5.1677612122427914E-5	6.350516071874823E-5	0.14365489118975358
19	19	3.393396503915794E-5	1.1076965460930795E-5	2.9052674586053863E-4	3.3253673472769694E-5	2.234487480502989E-5	1.1107292670703589E-5	1.109449551108477E-5	0.06746102697816196	1.1108269752876752E-5	0.931936607473074	7.051321678116094E-5	1.0740604940973163E-4
20	20	8.854442858573748E-6	2.8903300161660262E-6	0.9998978145101156	8.676933310402662E-6	5.830483320024986E-6	2.898243342701352E-6	2.894904159718576E-6	5.8445297656327836E-6	2.8984982942892497E-6	1.4972370913062339E-5	1.8399124536214414E-5	2.8025629367690793E-5
21	21	2.3949411094918553E-4	7.817736571659668E-5	0.9972360967886204	2.346928499208803E-4	1.5770234688242856E-4	7.839140460458762E-5	7.830108670739973E-5	1.5808227377975766E-4	7.839830051038924E-5	4.0497123510749056E-4	4.976577344758881E-4	7.580345027250692E-4
22	22	3.41432901896181E-5	1.114529486066571E-5	0.5924781840249564	3.3458802174794584E-5	2.2482711461464787E-5	1.1175809146948468E-5	1.1162933046735481E-5	2.2536875441760323E-5	1.1176792256353421E-5	5.773440667882163E-5	7.094818480494224E-5	0.40723585087498143
23	23	6.987671041327669E-7	2.2809651241113442E-7	5.982517299225771E-6	6.847585623292225E-7	4.601249350526063E-7	2.2872100932815865E-7	2.2845749063361037E-7	4.6123344004580473E-7	2.287411293724816E-7	0.9999871348747762	1.4520058659929746E-6	2.2117018752678433E-6
24	24	2.5996818814602947E-6	8.486065915702331E-7	0.9999699981386923	2.5475647281241326E-6	1.7118413986430014E-6	8.509299598436016E-7	8.499495691360376E-7	1.7159654627686344E-6	8.51004814132493E-7	4.395917620892635E-6	5.402019241133011E-6	8.228380040101477E-6
25	25	3.0227588487275143E-5	9.867103748542223E-6	0.9996511558110506	2.962160054874752E-5	1.99042958766155E-5	9.894118523147003E-6	9.882719110366409E-6	1.9952248094990286E-5	9.894988885269864E-6	5.111317266005787E-5	6.281153697528086E-5	9.567481603917728E-5
26	26	1.1457012857955646E-5	3.7398793676650735E-6	0.7307786288733397	1.1227328256870129E-5	7.544226489749142E-6	3.750118643620945E-6	3.7457979807650445E-6	7.562401581113732E-6	3.7504485326571442E-6	1.9373172180893985E-5	2.3807145153398254E-5	0.26912541359561565
27	27	0.4598640887225897	2.9423900011617676E-8	7.717303038500966E-7	8.833220314108838E-8	5.935500696054956E-8	2.950445860784454E-8	2.9470465331763206E-8	0.5401342489240558	2.950705404503965E-8	1.5242049946503178E-7	1.8730525498019006E-7	2.8530420805422023E-7
28	28	1.62880167663943E-7	5.316849915422925E-8	1.3945038554150214E-6	1.596148255718586E-7	0.449825013086401	0.26867082331630904	5.325264191517516E-8	1.0751190146553303E-7	0.2815011032466263	2.7542131375154164E-7	3.38457488200573E-7	5.155399705219049E-7
29	29	8.150375736346353E-6	2.660503434271153E-6	6.977970707192535E-5	7.986980982154393E-6	5.3668684231995005E-6	2.6677875271968702E-6	2.6647138616487682E-6	5.379797956010575E-6	2.6680222061336635E-6	1.378183252797653E-5	1.6936105476672754E-5	0.9998619573047965
30	30	1.0429425168628331E-6	3.40444690848674E-7	8.929186294443055E-6	1.0220341143926006E-6	6.867579412323539E-7	3.4137678164482366E-7	3.409834676938561E-7	6.884124366725711E-7	3.4140681175004964E-7	1.7635578491935051E-6	2.1671865252697697E-6	0.9999823357105699
31	31	3.248034381674229E-6	1.0602464115291001E-6	2.7808152046542466E-5	3.182919373904218E-6	2.138769269585606E-6	1.063149220556239E-6	1.061924323483889E-6	2.1439218623577497E-6	1.0632427432697942E-6	5.4922456757080445E-6	6.749265881643114E-6	0.9999449881288097
32	32	2.336324199345495E-6	7.626395097603081E-7	2.000251565438397E-5	2.2894867122634687E-6	1.5384253410438546E-6	7.647275119731071E-7	7.638464385805392E-7	1.542131621756538E-6	7.647947832372602E-7	3.950594412825506E-6	0.9999578897000316	7.3948137832548684E-6
33	33	5.409980485228558E-6	1.7659641869152293E-6	4.6317723959718946E-5	5.301523837319037E-6	3.562369929378778E-6	1.7707991542658739E-6	1.7687589451796599E-6	3.570952174229049E-6	1.7709549272644955E-6	9.147976417154073E-6	0.9999024896026331	1.7123393350338685E-5
34	34	1.1012513826555433E-6	3.594782842323703E-7	9.428399546240384E-6	1.0791740325071165E-6	7.251532276263229E-7	3.6046248639253154E-7	3.6004718303178295E-7	7.26900222654023E-7	3.6049419542190435E-7	1.8621549015561033E-6	2.288349663416476E-6	0.9999813481348742
35	35	6.5032766043063535E-6	2.1228456576074892E-6	5.5678014257982E-5	6.372902089489284E-6	4.2822847662517455E-6	2.1286577173995504E-6	2.1262052050375377E-6	4.292601386117489E-6	2.128844970366596E-6	1.0996679410001784E-5	0.9998827838496637	2.0583838271809947E-5
