0	0	0.7315495652382463	1.7902108716302076E-5	2.2727037530343204E-5	4.3932109206698425E-6	8.830827244849955E-6	0.26837381792534526	2.276365199625672E-5
1	1	6.910194245754212E-6	0.9999839700596215	1.0839899521874697E-6	2.0953881426421255E-7	4.2119559094053874E-7	6.319285457838106E-6	1.085736317638839E-6
2	2	0.677873285399514	3.972871947093087E-4	5.043629846947059E-4	9.74950197263549E-5	1.9597549309228383E-4	0.042626030908189866	0.2783055630000736
3	3	0.8920591234530434	1.3312627017287272E-4	1.690061090813473E-4	3.266943538438735E-5	6.56690847027042E-5	9.852469990596876E-4	0.10655515864855554
4	4	0.7576984113370128	1.4870548093398053E-5	1.887841873665272E-5	3.6492602807607744E-6	7.3354063105118285E-6	0.2422379461966929	1.8908832873049132E-5
5	5	0.6823857854485572	6.894603226168486E-5	0.13783052066725804	1.691948511032482E-5	3.4009987860612036E-5	0.17957614918255754	8.766919639463996E-5
6	6	0.9339426819953778	0.06583740405985376	2.613937964957837E-5	5.052827848008953E-6	1.0156728331388792E-5	1.5238351735932202E-4	2.6181491580088547E-5
7	7	0.7933128319867606	0.1296514995087818	0.07631757194244172	1.872494619656939E-5	3.763915915191302E-5	5.647081692921051E-4	9.702428737529077E-5
8	8	0.7312847511970949	3.0878734759410526E-5	3.920108937376617E-5	7.577699192384946E-6	1.5231991745843027E-5	0.2685830950434206	3.926424441316504E-5
9	9	0.6023191538527348	6.409061412301265E-5	8.136414629132756E-5	1.5727956429024345E-5	3.161488684409994E-5	0.39740655331532043	8.149522825733342E-5
10	10	0.9990271669995997	8.328613390771426E-5	1.0573319160743008E-4	2.0438572842011063E-5	4.108373332358967E-5	6.163878353183193E-4	1.0590353340120188E-4
11	11	0.8646634932673843	2.2148842359095164E-4	2.811833955015722E-4	5.4353672896402355E-5	1.0925673821233871E-4	0.13438858810551144	2.816363969029336E-4
12	12	0.771201136440172	3.176043025807022E-5	4.0320417102467E-5	7.794068914790328E-6	1.5666918198062337E-5	0.22866293634991636	4.03853754383542E-5
13	13	0.6288512318032339	6.621004148759884E-5	8.405479609248332E-5	1.6248067863449256E-5	3.266036686051973E-5	0.3708654047116237	8.419021283838726E-5
14	14	0.7961707632788448	0.19853554532611656	6.292179846455693E-4	1.216299008586642E-4	2.4448920429418435E-4	0.003668122616964336	6.302316882758916E-4
15	15	3.844749623128075E-5	4.750774592344332E-6	6.031190747941868E-6	1.165848959554255E-6	2.3434820092457395E-6	3.515975024492237E-5	0.9999121014572147
16	16	4.402596212362559E-5	5.440079140713059E-6	0.20107223199031996	1.335005583366023E-6	2.6835050468776397E-6	0.7988673660565813	6.917401204167605E-6
17	17	0.9989484290635043	9.002704245682443E-5	1.142908919326845E-4	2.209280439218705E-5	4.440891695496359E-5	6.662762601222459E-4	1.144750206367141E-4
18	18	0.784120445382067	5.5247990010701966E-5	7.01382816039906E-5	1.3557959953569676E-5	2.7252960147953138E-5	0.21564310614811172	7.025127810507849E-5
19	19	0.9992834926413697	6.134159490086856E-5	7.787421870662854E-5	1.5053341976657786E-5	3.0258839116525824E-5	4.539796857159378E-4	7.799967821372747E-5
20	20	0.7582894621310178	1.6012244590652828E-5	2.0327822242829752E-5	3.929434733911244E-6	7.898587145411251E-6	0.24164200920882403	2.0360571445342944E-5
21	21	0.9949593590666074	4.315391188277071E-4	5.478463964682272E-4	1.0590050588865687E-4	2.1287142582773007E-4	0.0031937544802370507	5.487290061432695E-4
22	22	0.4875586711464285	6.171978460840053E-5	0.04940080291616248	1.5146150437356129E-5	3.0445394121074193E-5	0.46285473403813887	7.848057010346247E-5
23	23	0.9999852380243323	1.2638015792132714E-6	1.6044180256559208E-6	3.1013926835913036E-7	6.234133416717564E-7	9.353200624563854E-6	1.6070028284060802E-6
24	24	5.077106549452891E-4	4.7016870751034626E-6	5.968873293373586E-6	1.1538027911263548E-6	2.3192679129343943E-6	3.4796461098534846E-5	0.9994433492528836
25	25	0.6882228603650347	5.464483926248371E-5	6.937257126737936E-5	1.3409945633252782E-5	0.0709884485623032	0.24058177938233072	6.948433416840028E-5
26	26	0.5403189666192912	2.07178496879018E-5	2.6301669533275794E-5	5.0841990149910925E-6	1.0219787756736477E-5	0.45959236583179436	2.6344042921417956E-5
27	27	1.3286139625036974E-6	1.6417052018490383E-7	2.0841732293920438E-7	0.9999967940616707	8.09827225063074E-8	1.2150007067440848E-6	2.087530943285179E-7
28	28	2.399052718781502E-6	2.9643955573910433E-7	0.35510637891484403	7.274682073657754E-8	0.6448882820011622	2.193903444566376E-6	3.7694145375315413E-7
29	29	1.1928258222905677E-4	1.4739182430869809E-5	1.8711647749514255E-5	3.6170229017812484E-6	7.270605705729678E-6	0.9232567463749657	0.07657963258401741
30	30	1.5265397292820018E-5	1.8862726759764208E-6	2.394655879859514E-6	4.6289483829994793E-7	9.304684940863999E-7	0.9999766617970213	2.3985137978116735E-6
31	31	4.753936316501764E-5	5.874213428671749E-6	7.457415836889511E-6	1.4415429486072788E-6	2.8976566286149366E-6	0.9999273203778618	7.4694301303317665E-6
32	32	3.419574343165639E-5	4.225405682705157E-6	5.3642258045454446E-6	1.0369224477235307E-6	2.084325830811075E-6	0.9999477205089449	5.372867857545564E-6
33	33	7.917967904572528E-5	9.783857059965435E-6	1.2420776240223772E-5	2.4009767990612174E-6	4.8262220308260605E-6	0.999878947702053	1.2440786771189805E-5
34	34	1.611884092611777E-5	1.9917286542975854E-6	2.528534073489389E-6	4.887739323749704E-7	9.8248826121265E-7	0.9999753570264763	2.5326076763301167E-6
35	35	9.517937078793291E-5	1.1760863015229153E-5	1.4930619591922049E-5	2.8861377535908227E-6	5.801447817332163E-6	0.9998544868874201	1.4954673613982171E-5
