0	0	2.4150454272777355E-5	0.9997422508687013	4.524832254646133E-6	6.277452322660499E-5	9.115635032306982E-6	1.3923011657046998E-5	1.8765010060766172E-5	4.538864060130466E-6	4.507079096939379E-6	4.400484364220397E-5	1.8668936464686593E-5	4.536988638166261E-6	1.3856980065520941E-5	2.9852603943768705E-5	4.529368883130077E-6
1	1	1.1391679298531554E-6	5.187409218427126E-6	0.8439332762668935	2.961050871501745E-6	4.2998110808852435E-7	6.567432723018327E-7	8.851385329298938E-7	2.1409652658550543E-7	2.125972417145097E-7	0.1560516675201296	8.806067771987856E-7	2.140080636302155E-7	6.536285867321936E-7	1.4081362052755392E-6	2.1364864262419566E-7
2	2	5.35795720320406E-4	0.0024398436665454184	1.0038675586901585E-4	0.4378030917003637	2.0223711666650826E-4	3.088923287139063E-4	0.5558477241533025	1.0069806186938989E-4	9.999288891255973E-5	9.762800579465057E-4	4.1418418667129735E-4	1.0065645424367545E-4	3.0742736893526204E-4	6.623021353068693E-4	1.0048740433297131E-4
3	3	1.7957524718706388E-4	0.3066458856233564	3.364524167663344E-5	0.16002928844363687	6.778101959095503E-5	1.0352717309839053E-4	0.5320145863092625	3.3749577806706586E-5	3.3513234731855815E-5	3.2720629538568534E-4	1.3881639005625807E-4	3.373563275378964E-5	1.0303618277429493E-4	2.2197465405122922E-4	3.367897463139275E-5
4	4	2.0060839370729654E-5	0.9997858978608631	3.7586014745184993E-6	5.2144345311241936E-5	7.572002086579229E-6	1.1565302136931414E-5	1.5587361147218056E-5	3.7702571474397264E-6	3.743854619612343E-6	3.6553105373069523E-5	1.550755656230417E-5	3.7686993076429545E-6	1.1510452272161332E-5	2.4797392452737635E-5	3.7623698746600936E-6
5	5	9.300651647944817E-5	0.8612716710115208	1.7425713028216538E-5	2.4175279119059427E-4	3.510548705531219E-5	5.3619314920479576E-5	7.226647572509409E-5	1.7479751322207807E-5	1.7357343326505517E-5	1.694683325272916E-4	0.13780760030033168	1.7472528830164817E-5	5.3365018738881244E-5	1.1496623083319175E-4	1.744318417004631E-5
6	6	2.7776457436495464E-5	0.63566005224986	5.2042006791620566E-6	0.1275902616331102	1.0484276843061772E-5	1.601344373533066E-5	2.1582430597829854E-5	5.22033925127298E-6	5.183782022691446E-6	0.12962541676742362	2.1471932297378273E-5	5.218182249264826E-6	0.10696657014544704	3.433474059936548E-5	5.209418447182741E-6
7	7	1.0293056627226135E-4	0.8693338507628743	1.928508428856804E-5	2.6754847549468464E-4	3.885133857975737E-5	5.9340642535679025E-5	7.997750642051246E-5	1.9344888616387772E-5	1.920941935261126E-5	0.12975515931049952	7.956803546246797E-5	1.933689546468161E-5	5.905921225569887E-5	1.2723344223372586E-4	1.9304419649035594E-5
8	8	0.14809583871076115	0.7620518368088675	7.804650595296165E-6	1.082765487199859E-4	1.5723090355083484E-5	2.401508721255026E-5	3.2366801397138376E-5	7.828853335389775E-6	7.774029086018749E-6	7.590169310152714E-5	0.08948160321752333	7.825618516433927E-6	2.3901192714122604E-5	5.149122222191553E-5	7.812475592601094E-6
9	9	8.64569979733083E-5	0.2500645921697548	1.6198594388780057E-5	0.6147992379503409	3.263335880194805E-5	4.984344298535744E-5	6.717747080316907E-5	1.6248827306331773E-5	1.6135039281180997E-5	0.13459570830224943	6.683353380688227E-5	1.6242113422148604E-5	4.9607054339816393E-5	1.0687030933300822E-4	1.6214835212874377E-5
10	10	1.1234972746127621E-4	0.6244424341754555	2.1049859554423282E-5	0.3746505293012829	4.24066189376227E-5	6.477089612648144E-5	8.72962364319424E-5	2.11151365676069E-5	2.0967270531152646E-5	2.0471383827137948E-4	8.684929484592294E-5	2.1106411963747554E-5	6.446371220240307E-5	1.3887655607672857E-4	2.1070964290922536E-5
11	11	2.9874750757716945E-4	0.9968115750666247	5.597337188824889E-5	7.765374572863741E-4	1.1276281659656165E-4	1.7223133708086226E-4	2.3212813812920882E-4	5.614694903375118E-5	5.5753760631391686E-5	5.443515559146304E-4	2.3093968233253657E-4	5.612374956797164E-5	1.714145088271594E-4	3.6928460732691825E-4	5.602949118261388E-5
12	12	4.28452688118792E-5	0.1937195642898885	8.027495138983975E-6	0.7266212281813703	1.617202844049278E-5	2.4700784936767298E-5	3.329096385641956E-5	8.05238893481497E-6	7.995999300205366E-6	0.07939137239543868	3.3120519896928766E-5	8.049061752755184E-6	2.4583638432728276E-5	5.296144023870747E-5	8.035543561787903E-6
13	13	8.931591918227373E-5	0.7014388022522093	1.6734242238452207E-5	0.2250915080920651	3.371246406567085E-5	5.1491643589346623E-5	6.939886525990385E-5	1.6786136235578084E-5	1.6668585519077207E-5	0.07291135633716814	6.904355510937526E-5	1.6779200339685792E-5	5.12474381501609E-5	1.104042487609671E-4	1.675102010682915E-5
14	14	6.683814531577249E-4	0.9928666046202803	1.252280360235031E-4	0.0017373307591475138	2.5228185443354516E-4	3.8532951217231157E-4	5.193353529201272E-4	1.2561637648427103E-4	1.247367044231881E-4	0.001217866173751783	5.166764460096207E-4	1.2556447281225058E-4	3.835020396701379E-4	8.261926081849858E-4	1.2535359052878432E-4
15	15	6.408994855415418E-6	2.9184528569128134E-5	1.2007901099538938E-6	1.6658965991541127E-5	2.4190873333490025E-6	3.6948584516891224E-6	4.979817422185418E-6	1.2045138398740658E-6	0.9999036106482252	1.167790938136301E-5	4.954321620903147E-6	1.2040161444856245E-6	3.6773351320196278E-6	7.922218892256258E-6	1.2019940305214382E-6
16	16	7.338891816988682E-6	3.341898421367418E-5	1.3750157256586479E-6	1.9076056691090822E-5	2.7700787152754284E-6	4.230954629823176E-6	5.702351484787606E-6	1.3792797407899339E-6	1.3696208580363579E-6	1.3372286221450754E-5	0.9998939288136517	1.3787098335430125E-6	4.2108888082349016E-6	9.071673283002513E-6	1.3763943260477543E-6
17	17	1.2144232037939236E-4	0.37823172110358694	2.275344894655472E-5	3.1566626760898E-4	4.583863547870758E-5	0.36875637392825367	9.436122144877616E-5	2.2824008903642177E-5	2.266417589845311E-5	2.212815651201009E-4	9.387810836513333E-5	2.2814578207538037E-5	0.25185548838028354	1.5011599580488328E-4	2.2776261713700496E-5
18	18	7.452897499361579E-5	0.3866408389723083	1.3963758451407609E-5	0.5410157646707909	2.8131103775531803E-5	4.296680202796628E-5	5.790934405528911E-5	1.4007060994218822E-5	1.390897171191858E-5	0.07187749945612604	5.761285826007851E-5	1.4001273389766583E-5	4.2763026696121635E-5	9.2125967805391E-5	1.3977758613351411E-5
19	19	8.274879883650887E-5	3.7681176817680494E-4	1.55038257160535E-5	2.1508980062505092E-4	0.06130362878391931	0.9375153505309043	6.429618363053804E-5	1.5551904109785618E-5	1.5442996530018483E-5	1.5077761740015498E-4	6.396699832471751E-5	1.554547818863744E-5	4.747937421681628E-5	1.0228656946107216E-4	1.551936996021445E-5
20	20	2.1601005101224343E-5	0.9997694602247588	4.047167126167483E-6	5.614771387440566E-5	8.15334057942413E-6	1.245322520360571E-5	1.678407674939859E-5	4.059717660348869E-6	4.031288085307424E-6	3.935946054088498E-5	1.6698145188212708E-5	4.058040217806457E-6	1.239416425471896E-5	2.670120581545562E-5	4.051224844250846E-6
21	21	5.819737952965859E-4	0.9937888025425102	1.0903868600455847E-4	0.0015127304487726144	2.1966711915105176E-4	3.355145143229807E-4	4.5219621960290344E-4	1.0937682221517982E-4	1.0861087324160169E-4	0.001060421703733903	4.4988105340740666E-4	1.0933162859579846E-4	3.3392329556179945E-4	7.193832886292503E-4	1.0914800895421528E-4
22	22	8.325894634202973E-5	3.791348180130461E-4	1.559940701906071E-5	0.8633183795723246	3.142624811343111E-5	4.799972983449053E-5	0.13569500115822844	1.5647781816764568E-5	1.553820282024055E-5	1.5170716352634156E-4	6.436135576663622E-5	1.5641316279722378E-5	4.777208522484259E-5	1.029171675965442E-4	1.5615047093704948E-5
23	23	1.7049260787915111E-6	7.763692275817451E-6	3.194351719420472E-7	4.431631824556735E-6	6.435276005902795E-7	0.999975023152834	1.3247351234071038E-6	3.2042576163582935E-7	3.181818695729377E-7	3.1065670513413632E-6	1.3179527093957867E-6	3.2029336429955584E-7	9.782477141074422E-7	2.107475180743769E-6	3.197554398808903E-7
24	24	6.342773967840074E-6	2.8882979663423737E-5	1.1883829558420988E-6	1.6486837359995234E-5	2.3940921330171937E-6	3.656681356582022E-6	0.9999083512335817	1.1920682103529488E-6	1.1837203409994337E-6	1.1557247477007626E-5	4.9031311327733745E-6	1.1915756573980884E-6	3.639339096471469E-6	7.840362629543224E-6	1.1895744369101035E-6
25	25	7.371536491025171E-5	0.7808793637887013	1.381132036033365E-5	0.2185255076799705	2.782400509760292E-5	4.249774655815932E-5	5.727716541270857E-5	1.385415018249535E-5	1.3757131710965768E-5	1.343176848876138E-4	5.698391626247501E-5	1.3848425759555285E-5	4.229619577944644E-5	9.112025671983587E-5	1.3825167686780555E-5
26	26	2.794890859743591E-5	0.16568825445459348	5.236511151112644E-6	0.8340861047587662	1.054936886270973E-5	1.611286379165447E-5	2.171642591458404E-5	5.252749920144028E-6	5.215965724659891E-6	5.092605459545162E-5	2.160524158135674E-5	5.250579526309313E-6	1.6036446557624002E-5	3.454790910332199E-5	5.241761313838619E-6
27	27	2.1993363460498E-7	1.0015079723488378E-6	4.1206794394088405E-8	5.716757497760404E-7	0.17065336708125028	1.2679424261735427E-7	1.7088940934396347E-7	4.133457940158279E-8	4.104511973339422E-8	4.0074381596055823E-7	1.7001448521472377E-7	0.4702044759833116	0.11717260246556536	2.718620367806835E-7	0.24196649746203253
28	28	3.97415935988971E-7	1.8097060458546957E-6	7.445990147275507E-8	1.0330073141722977E-6	1.5000540311085068E-7	2.291148086480426E-7	3.087939445324651E-7	0.9999940235071011	7.416775840550263E-8	7.241365287206096E-7	3.0721297310730933E-7	7.465994493696182E-8	2.2802820354924123E-7	4.912495808161257E-7	7.453455549105292E-8
29	29	0.9997171291141805	9.054371759570233E-5	3.725398556630712E-6	5.168371003840993E-5	7.50511216349712E-6	1.1463136004181418E-5	1.5449664752490637E-5	3.7369512650973263E-6	3.7107819732140637E-6	3.623020075961855E-5	1.5370565149229613E-5	3.73540718702209E-6	1.1408770674834544E-5	2.457833603214573E-5	3.729133667294473E-6
30	30	2.5446668159152995E-6	1.1587605086816485E-5	4.767691057041579E-7	0.5277796448431764	9.604893436250442E-7	1.4670293710054888E-6	1.9772173998305904E-6	4.782475983809442E-7	4.7489850439853326E-7	4.636669111523926E-6	1.9670943897593088E-6	4.780499903366296E-7	1.4600718041680056E-6	0.4721913691011845	4.772471177460367E-7
31	31	7.924554291068113E-6	3.608590525078422E-5	1.4847455229998763E-6	2.0598375160416335E-5	2.9911381332692283E-6	4.5685957094319506E-6	6.1574138241615595E-6	1.4893498175239613E-6	1.4789201310426062E-6	1.4439429112755378E-5	6.125888933595465E-6	1.4887344302104915E-6	4.546928583585639E-6	0.99988913378696	1.4862341392517021E-6
32	32	0.45290011568415844	2.595714029180903E-5	1.0680000285514691E-6	1.481672442762459E-5	2.1515711360950775E-6	3.2862603540673207E-6	4.429121380154721E-6	1.071311967605676E-6	1.063809735548182E-6	0.0704981473369686	4.406445047070622E-6	1.0708693101548368E-6	3.270674861022199E-6	0.4765380759795204	1.069070812854115E-6
33	33	1.3198783928240757E-5	6.0103073152884246E-5	2.4729258740250007E-6	3.4307734293852904E-5	4.981906170425227E-6	7.609249102153929E-6	1.0255513639861378E-5	2.4805945814794848E-6	2.463223361187404E-6	2.4049668650919114E-5	0.31959405750473546	2.4795696198369325E-6	7.5731613044195125E-6	0.6802314916863385	2.4754052468121947E-6
34	34	0.5867275874987943	1.2235433143889265E-5	5.034238286694801E-7	6.984168483414898E-6	1.014187406396242E-6	1.5490465591963826E-6	2.087757662201117E-6	5.049849794133149E-7	5.014486476858027E-7	4.895891299310199E-6	2.07706870516348E-6	5.047763236991453E-7	1.5417000157781037E-6	0.41323750868558606	5.039285649231376E-7
35	35	0.5474746491791859	7.224788069027814E-5	2.972620934839607E-6	4.124017232381905E-5	5.988581676938258E-6	9.146822157938882E-6	1.2327807664435017E-5	2.9818392298810416E-6	2.960957870821175E-6	0.05172029656753535	1.2264691427872161E-5	2.9806071579988788E-6	9.103442231284233E-6	0.40062786322860733	2.975601305391713E-6
