0	0	3.3182997889024434E-6	1.7016881942449848E-5	6.8338144237165145E-6	6.672882109087737E-6	0.9998357540286297	1.0114478248219879E-5	1.3801670635193954E-5	6.57665926613054E-6	6.6886356457518114E-6	6.695434913728242E-6	3.3135301888978227E-6	3.305186202946747E-6	3.3193846351096067E-6	5.205502185238893E-5	2.453409151774446E-5
1	1	1.582478160876905E-7	8.115253519349559E-7	3.259006952049357E-7	3.1822592530828193E-7	2.095019063824455E-6	4.82353673709709E-7	6.581937664840874E-7	0.9999903858217608	3.1897720244758214E-7	3.193014556425055E-7	1.5802035659567375E-7	1.5762243668541128E-7	1.5829955178187003E-7	2.4824741730951952E-6	1.1700167704445873E-6
2	2	7.3868715043873E-5	0.8364860694578998	1.5212763235451763E-4	1.485451159916437E-4	9.779368212663006E-4	2.2515853270217343E-4	3.0723917070125365E-4	1.4640309802482597E-4	1.4889580567756765E-4	1.4904716427100684E-4	7.376253891572662E-5	7.357679333523044E-5	7.389286481949345E-5	0.1604173225565202	5.461537324763539E-4
3	3	2.469921271428432E-5	0.7855743679594016	5.086636134137453E-5	4.966848841714033E-5	3.269891665942939E-4	7.528543701273437E-5	1.0273044044157914E-4	4.895226968545091E-5	4.978574724781306E-5	4.983635646841841E-5	2.4663710989735454E-5	2.4601603917740378E-5	2.4707287586639926E-5	0.21339023052747924	1.826154307019137E-4
4	4	2.7563075705848084E-6	1.413487734971537E-5	5.676429385631758E-6	5.542752808655043E-6	0.9998635709721466	8.401475075072985E-6	1.1464199041246285E-5	5.462826410385332E-6	5.5558383027734136E-6	5.561486036549773E-6	2.7523457571750124E-6	2.7454149211719733E-6	2.7572086856147783E-6	4.323890544746543E-5	2.037896106130503E-5
5	5	1.2785018652095275E-5	6.556404390053162E-5	2.6329882900987646E-5	2.5709829628183647E-5	0.8615467767485006	0.13785937274376925	5.3176213038724344E-5	2.5339094335947646E-5	2.5770526151373093E-5	2.579672293087746E-5	1.2766641944473484E-5	1.2734493548365909E-5	1.2789198436887362E-5	2.0056187435016161E-4	9.452696791157742E-5
6	6	3.816608192300929E-6	1.9572303637596757E-5	7.860046943753551E-6	7.674947456217104E-6	5.0527502493862254E-5	1.1633367386547622E-5	1.5874264703233254E-5	7.564274848532553E-6	7.6930666982732E-6	7.700887010936715E-6	3.811122342435129E-6	3.8015253418133586E-6	3.8178559496420515E-6	0.9998204338559512	2.8218371043640846E-5
7	7	1.415014359559845E-5	7.256466815936949E-5	2.9141265573610135E-5	2.8455005890628796E-5	0.7857488939900154	4.313091905846367E-5	5.8854122222556826E-5	2.804468520484428E-5	2.8522183306810627E-5	2.855117725682479E-5	1.412980470844164E-5	1.4094223655830832E-5	1.415476967840804E-5	0.21377269292292309	1.0462011875017011E-4
8	8	5.7242269889822756E-6	2.9354941108414818E-5	1.1788659087632691E-5	1.1511043092273172E-5	0.7652330032622753	1.7447962224981647E-5	2.3808546716375076E-5	1.1345054052809568E-5	1.1538218701917001E-5	1.1549947766718853E-5	5.7159991992074E-6	5.701605421485277E-6	5.726098400950148E-6	8.97974203524464E-5	0.2345259870146105
9	9	1.1884183058904058E-5	6.094438506495604E-5	2.447467280492108E-5	2.3898308639893628E-5	1.573329141717003E-4	3.622406614650879E-5	4.9429403845876496E-5	2.3553695448531028E-5	2.39547284709671E-5	2.397907941887382E-5	1.1867101178670622E-5	1.183721796654641E-5	1.18880683350204E-5	0.743221779609819	0.2563069525656296
10	10	1.5445983182937495E-5	0.23318643928409052	3.1809959732105514E-5	3.10608538696212E-5	2.044870509292489E-4	4.708075546660151E-5	6.424385561563722E-5	3.0612956901691454E-5	3.113418324847927E-5	3.116583240181118E-5	1.5423781704425187E-5	1.5384942215868428E-5	1.5451032912418828E-5	0.7661660585244742	1.1420100325446255E-4
11	11	4.112287386192013E-5	2.108860362716085E-4	8.468978284665969E-5	8.269538821814573E-5	0.9979645400377697	1.2534624345025066E-4	1.7104071263030003E-4	8.150292217068443E-5	8.28906179268304E-5	8.297487958404512E-5	4.1063765381119875E-5	4.096036041363645E-5	4.1136318094380975E-5	6.451050940829326E-4	3.0404496729776083E-4
12	12	5.887715921137905E-6	3.0193343915386557E-5	1.2125353507594272E-5	1.1839808556461684E-5	0.006424807722986367	1.7946291295080448E-5	2.4488539645783632E-5	1.1669078724771695E-5	1.1867760325298694E-5	1.1879824382455554E-5	5.879253138486807E-6	5.864448261876744E-6	5.889640782269278E-6	0.9933761299614587	4.353125709821911E-5
13	13	1.2277395955151971E-5	6.296085670988621E-5	2.5284468222127534E-5	2.4689033850801455E-5	0.3310333223128593	3.7422614662022684E-5	5.106487840476782E-5	2.4333018415768482E-5	2.4747320449247346E-5	2.4772477098875868E-5	1.2259748885408526E-5	1.2228876925102775E-5	1.228140978370367E-5	0.6685515817653009	9.077382247699613E-5
14	14	9.222904142141521E-5	4.7296832998101386E-4	1.899394851722196E-4	1.8546652189096915E-4	0.0012210064239309912	2.8112247013691976E-4	3.8360453656270183E-4	0.1990255781584109	1.8590437671963287E-4	1.8609335601858914E-4	9.209647484685165E-5	9.18645615554501E-5	9.225919370786954E-5	0.7968179649249394	6.819021447050362E-4
15	15	8.804999190212155E-7	4.515373572463311E-6	1.813330147810014E-6	1.7706272882093134E-6	1.1656806151581543E-5	2.6838434876449545E-6	3.6622278424895624E-6	1.7450948737737188E-6	1.774807437273423E-6	1.7766116006352362E-6	8.792343213703109E-7	0.9999456380866183	8.807877793889715E-7	1.3812628587375526E-5	6.510040372747101E-6
16	16	1.0082600319330952E-6	5.1705520966118525E-6	2.076443476302144E-6	2.02754445240161E-6	1.3348203093188835E-5	0.21738062672956748	4.193615333343179E-6	1.998307296965209E-6	2.032331139075641E-6	2.0343970856697264E-6	1.0068107966744096E-6	1.0042754900183877E-6	1.0085896607011575E-6	0.7825750092963936	7.45464408606445E-6
17	17	1.6697048327897988E-5	8.56256873274246E-5	3.4386443948882036E-5	3.357666339684639E-5	0.7921833889237604	5.089411531977931E-5	6.944736047425853E-5	3.309248849966645E-5	0.20702381277097326	3.369014478580092E-5	1.667304861513899E-5	1.6631063277606097E-5	1.6702507066017406E-5	2.619308895736053E-4	1.2345084465329324E-4
18	18	1.0243776199559442E-5	5.253206199625427E-5	2.1096365608674472E-5	2.05995585932723E-5	1.3561581419699363E-4	3.122395749069633E-5	4.260652567914045E-5	2.0302513319715232E-5	2.06481906380556E-5	2.066918035685808E-5	1.0229052178790688E-5	1.0203293829596039E-5	1.0247125180201364E-5	0.8670065729563606	0.1325872096283716
19	19	1.1374183549153168E-5	5.832900911937015E-5	2.3424363240523118E-5	0.06745938032193426	1.5058110727866127E-4	3.466954145732019E-5	4.7308183430158624E-5	2.254290883644056E-5	2.2926731871128832E-5	0.9318728730814746	1.135783472313991E-5	1.132923392340009E-5	1.1377902091981682E-5	1.784297413947905E-4	8.409585567518819E-5
20	20	2.9679525769793727E-6	1.5220233802308997E-5	6.1122979898621E-6	5.968356963340286E-6	0.9998530951737341	9.046588220269015E-6	1.2344485590282728E-5	5.882293360625972E-6	5.982447236285198E-6	5.988528635253341E-6	2.9636865529533885E-6	2.9562235278558388E-6	2.9689228847577553E-6	4.6559035072179684E-5	2.1943773852941108E-5
21	21	8.025973885900494E-5	4.115874356690605E-4	1.6528951449555537E-4	1.6139704354121973E-4	0.9960273816082237	2.446389520356503E-4	3.3382109859490756E-4	1.5906970100458589E-4	1.6177807443631633E-4	1.6194252837566374E-4	8.01443765122655E-5	7.994256046908694E-5	8.028597804136583E-5	0.0012590551565428076	5.93406233198838E-4
22	22	1.1444344149250299E-5	0.13576365571365434	2.3568854260449612E-5	2.3013821589951706E-5	1.515099529232129E-4	3.488339731987299E-5	4.759999958774228E-5	2.268196268633358E-5	2.3068153297940975E-5	2.309160300641683E-5	1.1427894477014627E-5	1.1399117255884707E-5	1.1448085629566608E-5	0.19756857314321272	0.6662726339569494
23	23	2.3422403138125654E-7	1.2011460517911304E-6	4.823685820634329E-7	4.7100908536035275E-7	3.1008567642894618E-6	7.139360580195423E-7	9.741985780738255E-7	4.642171426119084E-7	4.7212105748484615E-7	0.9999857783512208	2.338873665190598E-7	2.3329840164199068E-7	2.3430060585259282E-7	3.674332594264706E-6	1.7317524597328484E-6
24	24	8.714017794055486E-7	0.99994980056266	1.7945931434132241E-6	1.752331529257574E-6	1.153635724801123E-5	2.6561115342061216E-6	3.6243863169021535E-6	1.727062939345119E-6	1.7564684851549632E-6	1.7582540062320919E-6	8.701492590802365E-7	8.679580874960961E-7	8.716866653337173E-7	1.366990373228753E-5	6.442772613903099E-6
25	25	1.0131893522890999E-5	5.19583060304312E-5	2.086595078836864E-5	2.0374569906609767E-5	0.7537531653067775	3.088292896057371E-5	4.2141176569236034E-5	2.0080768965967617E-5	2.0422670791473503E-5	2.0443431260253688E-5	1.011733031809702E-5	1.0091853301977041E-5	1.0135205925916322E-5	0.24590427771312431	7.491089375648878E-5
26	26	3.840308121963129E-6	1.9693841452370092E-5	7.908855349102659E-6	7.722606452296493E-6	5.084126230225099E-5	1.1705606918326623E-5	1.597283886593214E-5	7.6112466027245125E-6	7.740838209114552E-6	7.748707083446105E-6	3.834788206704864E-6	3.825131611744812E-6	3.841563627482668E-6	0.6789856612283923	0.32086205117680416
27	27	0.24008616075502787	1.5603003578951049E-7	6.266014612532788E-8	0.2586010303894249	4.02804297769414E-7	9.274098559296767E-8	1.2654933908851705E-7	6.030225655558803E-8	0.5013110529977147	6.139132614003175E-8	3.0382195499260714E-8	3.030568839114441E-8	3.0435875689030014E-8	4.772993636625468E-7	2.2495632222889387E-7
28	28	5.4939574188946366E-8	2.817407429757851E-7	1.1314434451669828E-7	1.1047986167867508E-7	7.273367691877661E-7	0.11527960430017456	2.2850795769855419E-7	1.088867440113088E-7	1.1074068579082695E-7	1.1085325816559275E-7	0.24542414233164625	5.472245853504869E-8	0.6392930839648094	8.618512240910206E-7	4.061997489212235E-7
29	29	2.7319555662029214E-6	1.4009995569891112E-5	5.626278076413734E-6	5.493782533303861E-6	3.61679493228827E-5	8.327247960499162E-6	1.1362912730434453E-5	5.414562285545676E-6	5.506752416953534E-6	5.512350252946665E-6	2.7280287554534034E-6	2.721159153454333E-6	2.7328487198727757E-6	4.285688929434749E-5	0.9998488072873617
30	30	3.4959018740211765E-7	1.792765972247618E-6	0.4629639974122391	7.030028193443623E-7	4.6281719725443385E-6	1.0655825486579583E-6	1.454036383317749E-6	6.928655310215079E-7	7.046624891105053E-7	7.0537880695919E-7	3.4908769954221276E-7	3.482086422544799E-7	3.497044783381365E-7	5.4841111419342555E-6	0.5370173754190882
31	31	1.0887259935048962E-6	5.583197082165115E-6	2.2421576925542786E-6	2.189356196222565E-6	1.4413479870142738E-5	3.3185354187721332E-6	0.9999362261153427	2.1577857182787712E-6	2.1945248928283296E-6	2.1967557159165577E-6	1.087161099482657E-6	1.0844234582289171E-6	1.0890819288753664E-6	1.70791245482695E-5	8.049575041931714E-6
32	32	7.831256493214254E-7	4.016019518542321E-6	1.6127944123111469E-6	1.5748140514613073E-6	1.0367682823433998E-5	2.3870378957847376E-6	0.9999541271494116	1.5521052604646587E-6	1.5785319188675076E-6	1.5801365602464332E-6	7.820000138037686E-7	7.800308157711743E-7	7.833816752818406E-7	1.228509338575363E-5	5.790096607485807E-6
33	33	1.813396622672465E-6	9.299447972137948E-6	3.734567936683263E-6	3.6466210559334635E-6	2.4007285463380326E-5	5.527397119680579E-6	0.9998937773620342	3.5940368442760117E-6	3.6552301063505835E-6	3.6589457952182194E-6	1.8107901141921873E-6	1.8062302621878838E-6	1.8139894734012534E-6	2.8447219005334623E-5	1.3407480194346889E-5
34	34	3.6913506757250177E-7	1.8929958910605783E-6	0.999977602196963	7.423062848267134E-7	4.88692370491851E-6	1.125157113321629E-6	1.535328616050343E-6	7.316022412210656E-7	7.440587433720343E-7	7.44815109102556E-7	3.686044866328628E-7	3.6767628303047136E-7	3.6925574828354734E-7	5.790716701737574E-6	2.72922704588666E-6
35	35	2.1798614457945316E-6	1.117875033414413E-5	4.48927750283269E-6	4.383557655212238E-6	2.8858858203166827E-5	6.644415086110876E-6	0.9998723110927432	4.3203468307205445E-6	4.393906487262848E-6	4.3983730704724225E-6	2.1767281944841147E-6	2.1712468533045656E-6	2.1805741042558078E-6	3.4196046895915505E-5	1.61169645931283E-5
