0	0	1.6623509055483225E-4	2.090383332734437E-5	1.579486300251152E-4	6.014233087768352E-5	6.860362738436764E-5	1.0409638842940138E-4	9.191236288057705E-5	0.99908150407343	1.0543440882209435E-4	1.4321925426856455E-4
1	1	0.8696932950871192	4.3949507123087335E-6	0.13011031094745804	1.2644694195156137E-5	1.4423649304813576E-5	2.1885866066397927E-5	1.9324221466287827E-5	7.14421055343292E-5	2.2167179717624625E-5	3.0111298425852782E-5
2	2	1.1054408108821178E-4	1.3900765708851404E-5	1.0503369719950352E-4	3.9993834509830875E-5	4.5620481952464354E-5	6.922268676921796E-5	6.112047499338464E-5	0.9993892126635414	7.011245218693972E-5	9.523886205021954E-5
3	3	7.0142707464022E-5	8.820348706538288E-6	6.664624486453017E-5	2.537698813696796E-5	2.8947222578166946E-5	4.392335274877652E-5	3.87823170206824E-5	0.999612441688038	4.448792893225447E-5	6.043120151013921E-5
4	4	1.0989816223633523E-4	1.381954230422876E-5	1.0441997600850357E-4	3.976014699427663E-5	4.5353917437795524E-5	6.881821248238479E-5	6.076334264721793E-5	0.9993927815480191	6.970277892200299E-5	9.46823729480991E-5
5	5	6.006287742420291E-5	7.552823983466441E-6	5.706887259997645E-5	2.173019809148324E-5	2.478737340407569E-5	3.76113647104793E-5	3.3209119488788235E-5	0.9996681356020075	3.8094808696759045E-5	5.1746959593234255E-5
6	6	4.27321544404844E-5	5.373509474809609E-6	4.060204875738827E-5	1.5460101491797687E-5	1.7635150260884704E-5	0.11589835825060835	2.3626860445010256E-5	0.847540419053873	2.7102818220204822E-5	0.03638869005242807
7	7	0.4792264031472713	1.0792569290255596E-5	8.154827428790849E-5	3.10512556769098E-5	3.541979073953542E-5	5.3744567677932255E-5	4.745400183238854E-5	0.5203852074568749	5.4435382495185125E-5	7.394355385384162E-5
8	8	3.2914687716815684E-4	4.138976576831441E-5	3.127396156385347E-4	1.1908232087420792E-4	0.17513733736486825	0.08770686252731584	1.8198725139389018E-4	0.7356791179331267	2.08761016064874E-4	2.835753277813577E-4
9	9	1.4233309154885676E-4	1.789818992351408E-5	1.3523809408920085E-4	5.149480689187815E-5	5.8739501656914225E-5	8.91289602861569E-5	7.869680653278073E-5	0.9992135693831705	9.027459433015911E-5	1.2262657156999414E-4
10	10	9.168379933396203E-5	1.1529111294721868E-5	8.71135597903154E-5	3.317035757770697E-5	3.783702457584053E-5	5.7412381202411365E-5	5.0692513876145434E-5	0.9994934210584562	5.815034087614191E-5	7.898985301654806E-5
11	11	9.943954868802696E-5	1.2504386077470313E-5	9.448270177594605E-5	3.597631655002573E-5	4.103774794295247E-5	6.226903026866565E-5	5.498071347745937E-5	0.9994505683480842	6.306941569595832E-5	8.567179143927052E-5
12	12	9.943954868802696E-5	1.2504386077470313E-5	9.448270177594605E-5	3.597631655002573E-5	4.103774794295247E-5	6.226903026866565E-5	5.498071347745937E-5	0.9994505683480842	6.306941569595832E-5	8.567179143927052E-5
13	13	1.8595799352064552E-4	2.3383961168901116E-5	1.766883888400024E-4	6.727789625127189E-5	7.674308026094538E-5	1.1644686726772754E-4	1.0281727235788321E-4	0.9989725294521646	1.1794363661218084E-4	1.6021145155583534E-4
14	14	0.4938147376139168	1.3900765708851404E-5	1.0503369719950352E-4	3.9993834509830875E-5	4.5620481952464354E-5	6.922268676921796E-5	6.112047499338464E-5	0.5056850191307128	7.011245218693972E-5	9.523886205021954E-5
15	15	2.3765060800116163E-4	2.988423613340359E-5	2.2580423804105193E-4	8.597980999068341E-5	9.807612643374099E-5	1.488167745955681E-4	1.313984240540818E-4	0.9986869131260591	1.5072961597448596E-4	2.0474704071683704E-4
16	16	8.950233062971161E-5	1.1254794614349098E-5	8.504083259337399E-5	3.238112221126029E-5	3.693675336572746E-5	5.604634583150193E-5	4.9486366952000375E-5	0.9995054742904911	5.676674694041582E-5	7.711041637058972E-5
17	17	8.824257642933105E-5	1.1096382261395911E-5	8.384387442133955E-5	3.1925354697367984E-5	3.641686489049429E-5	5.525748794276917E-5	4.8789841418075775E-5	0.9995124347890095	5.5967749334465335E-5	7.602507959519521E-5
18	18	1.4021097167106133E-4	1.763133627620038E-5	1.3322175730779012E-4	5.072704338643232E-5	5.786372313821924E-5	8.78000891413496E-5	7.752347392512841E-5	0.9992252946961412	8.892864231715031E-5	1.207982666955422E-4
19	19	2.0636101793123523E-4	2.5949613343957537E-5	0.07699899537580661	7.465952332478312E-5	8.516321273421858E-5	1.2922323805136031E-4	1.1409822499687392E-4	0.9220568759581217	1.3088423062114385E-4	1.777896050681597E-4
20	20	2.34685252504303E-4	2.9511346770178493E-5	2.2298669911649028E-4	8.490697157331445E-5	9.685235266317494E-5	1.4695986943431735E-4	0.11242991115732814	0.8489697611600504	1.4884884277121627E-4	0.03763557634778852
21	21	7.45936981227842E-5	9.380054642040768E-6	7.087536324416726E-5	2.6987315728087823E-5	3.078410373019004E-5	4.671056242252058E-5	4.124329603083471E-5	0.9995878487048379	4.731096447314386E-5	6.426593676836078E-5
22	22	5.095115945839877E-5	6.407038018257652E-6	4.841135411172874E-5	1.843366211382352E-5	2.102705479702871E-5	3.190560830572887E-5	2.817119683754017E-5	0.9997184804227534	3.23157123948183E-5	4.3896791209336344E-5
23	23	1.9768513462861085E-4	2.485863298643952E-5	1.8783095727084378E-4	7.152066833032274E-5	8.158275891224303E-5	1.2379040124642438E-4	1.0930127790370092E-4	0.9989077336782879	1.2538156193688096E-4	1.703149284967104E-4
24	24	8.428803486538783E-5	1.0599104114749382E-5	8.008645822047923E-5	3.0494637834794516E-5	3.478486351808087E-5	0.4974930547273559	4.6603352043068736E-5	0.1435784986928493	5.34595860425566E-5	0.35858813054315564
25	25	1.9978498766281668E-4	2.512268660888742E-5	1.8982613716276615E-4	7.228037589601304E-5	8.244934811816688E-5	1.251053288971616E-4	0.15944361383955852	0.8395629798554141	1.2671339123077933E-4	1.7212404945082896E-4
26	26	1.3048371557296203E-4	1.6408147239948186E-5	1.2397938393481414E-4	4.720781135887864E-5	5.384937784807001E-5	0.4093992558250853	7.214521660691252E-5	0.5899614935970566	8.275914168559789E-5	1.1241778361101796E-4
27	27	2.1272854124779163E-5	2.6750320617452056E-6	2.021244825336499E-5	7.696323485101699E-6	8.779102853118607E-6	1.3321058018400643E-5	1.1761886622712502E-5	0.7273019257425996	1.3492282472483931E-5	0.2725988632695087
28	28	3.514622044703593E-5	4.4195887394100215E-6	3.3394257203108E-5	1.2715580159222862E-5	1.4504508064270466E-5	2.200855789995339E-5	1.9432552759028893E-5	0.9998058071842282	2.2291448591246425E-5	3.028010190858431E-5
29	29	7.480692539647236E-4	0.2785085890048288	7.107796159840537E-4	2.706445939976086E-4	3.087210058081564E-4	4.6844085308882905E-4	4.1361190649172205E-4	0.001529133037798553	0.7163975143083197	6.444964197178931E-4
30	30	2.503012932556671E-4	3.14750423534035E-5	0.7454898354605308	9.055671187022332E-5	1.0329694289589908E-4	1.567386317784036E-4	1.3839306261035307E-4	5.116424380395583E-4	0.2530121142228153	2.156461938504468E-4
31	31	3.0038267000459962E-5	3.777270639575146E-6	0.7682244425010807	1.0867569457833405E-5	1.2396504671148077E-5	1.8809958228371507E-5	0.23159333542172714	6.140140932831787E-5	1.9051735182164032E-5	2.5879362684299698E-5
32	32	1.3420803445032793E-4	1.6876475201334048E-5	0.6137891961546248	4.855523576529577E-5	5.538636852597444E-5	8.404105076647255E-5	0.17846422711829935	0.20720676181848835	8.512128651187641E-5	1.1562645736632681E-4
33	33	3.837299704738527E-5	4.825351445786559E-6	0.8895739282947923	1.3882998333802344E-5	1.5836167816757834E-5	2.402916491646098E-5	2.1216656589549784E-5	0.051084027250821715	2.4338027819033365E-5	0.05919954309041706
34	34	1.4341842419148644E-4	1.803466900618269E-5	0.861795264310633	5.188747028615622E-5	5.918740802827386E-5	8.980859542194683E-5	7.929689335778599E-5	0.13754857762773579	9.096296527018777E-5	1.235616360692641E-4
35	35	0.04811525069241184	7.577020711582034E-6	0.5062365365144746	0.12176112147810113	2.486678387839246E-5	3.7731858974339826E-5	0.32360361782711744	1.2316823298987105E-4	3.821685175385515E-5	5.191273958689319E-5
36	36	1.371438457001033E-4	1.7245649416242687E-5	0.743882966601171	4.961738534508124E-5	5.659794966915064E-5	8.587945532469195E-5	0.2552850734046918	2.803365922062935E-4	8.698332131150987E-5	1.1815579516415716E-4
37	37	1.5654953445486624E-4	1.968588800833514E-5	0.9989637615083976	5.663818552693772E-5	6.46064912834715E-5	9.803129467229082E-5	8.655716173749093E-5	3.2000388188418636E-4	9.929135636484971E-5	1.3487469766993275E-4
38	38	4.8050828602828427E-4	6.0423254139775184E-5	0.996819401710454	1.738434901519751E-4	1.9830116072221381E-4	3.0089421564965835E-4	2.656758678636998E-4	9.822099908632993E-4	3.047618099308533E-4	4.1398021419633736E-4
39	39	6.527409281103136E-5	8.20812712984529E-6	0.7219274033619089	2.3615568015627704E-5	2.693799200947621E-5	4.087462699334632E-5	0.27767662237037855	1.3342718110746454E-4	4.1400015868849024E-5	5.623666377689011E-5
40	40	1.2123207850786031E-4	1.5244766641011541E-5	0.6962499856819722	4.386065393457984E-5	5.003131597081377E-5	7.591550912829257E-5	0.19343780680990408	0.10982458481365809	7.689130186104635E-5	1.0444706842203546E-4
41	41	9.337647237167669E-4	1.1741962594287923E-4	0.39806000708733075	3.378275115575474E-4	3.8535574502786545E-4	5.847233280125747E-4	5.162840279082246E-4	0.001908714308198902	0.5963514219474549	8.044816948494759E-4
42	42	8.837863428793071E-6	1.1113491349432317E-6	8.397315008930015E-6	3.197457918254195E-6	0.9999367500726741	5.5342687353136685E-6	4.886506861126722E-6	1.806553187541694E-5	5.6054043869747725E-6	7.614229976201429E-6
43	43	1.0138430306680426E-5	1.2748936257946045E-6	9.63305143457109E-6	3.6679910844911797E-6	4.184032942145052E-6	6.348683516495622E-6	5.605597965368713E-6	0.9999439823029698	6.430287385179173E-6	8.73472876954123E-6
44	44	2.0412142907501348E-4	0.5643697562807136	0.43430478356446633	7.384926062049306E-5	8.423895589486167E-5	1.2782080785012358E-4	1.1285994309761118E-4	4.172458890229649E-4	1.29463774048033E-4	1.758600952108503E-4
45	45	1.015879396887976E-4	1.2774543282258929E-5	0.837290099174562	3.6753584706777304E-5	4.1924368302112936E-5	6.361435238668551E-5	0.162093634734339	2.0765654248818067E-4	6.44320301375238E-5	8.752273010679676E-5
46	46	1.1528723017123888E-4	0.9378456870838343	0.06140569661142996	4.170986233886197E-5	4.757793408386716E-5	7.219284600381402E-5	6.374299012097177E-5	2.356593477900653E-4	7.312078886155455E-5	9.932530536545746E-5
47	47	0.8147056645577908	4.291285375185474E-6	0.18510257389429627	1.2346439090066959E-5	1.4083433323882651E-5	2.1369636003190727E-5	1.8868413867049714E-5	6.975697401868559E-5	2.164431420469324E-5	2.940105203018948E-5
48	48	8.127185838766405E-4	1.0219824083284558E-4	0.9946204229710032	2.940341285273265E-4	3.3540116416174587E-4	5.089242536497451E-4	4.4935690263554333E-4	0.0016612831371588886	5.154657969251032E-4	7.001948212289332E-4
49	49	1.15998254886293E-4	1.4586620540300794E-5	1.1021599220382843E-4	4.196710455849364E-5	4.787136716378936E-5	7.263808957226965E-5	0.4071138251779836	2.3711275785433166E-4	0.5921458467490435	9.993788619370913E-5
50	50	2.3586525960820393E-6	0.9999824430376086	2.2410788541271085E-6	8.533388731922563E-7	9.733933027660622E-7	1.4769878970336012E-6	1.3041129438841321E-6	4.8213365142907635E-6	1.4959726087590416E-6	2.0320888012393477E-6
51	51	8.755579651281172E-6	1.1010020634259478E-6	0.12290520161000264	3.1676884023447126E-6	0.8770404564757901	5.482742646346961E-6	4.841011674805855E-6	1.7897335091494254E-5	5.5532159987791156E-6	7.543338678736364E-6
52	52	0.17029979774605764	1.2984948090950228E-5	0.6589234167356183	3.735893949622708E-5	4.261488916827652E-5	6.466212101122257E-5	0.1702536302921885	2.1107677710090463E-4	6.549326643185811E-5	8.896428483618076E-5
53	53	4.1506230650536484E-5	5.219351249301592E-6	0.5870514217080608	1.5016573510071402E-5	1.7129223271543802E-5	2.599119532234631E-5	0.41269678774871504	8.484314550536951E-5	2.6325277511906144E-5	3.575954620308097E-5
54	54	6.666220251348731E-5	8.38268001012683E-6	6.333923557486846E-5	0.12407496626392783	2.751085156926032E-5	4.1743861077962246E-5	3.685792528754426E-5	0.7727958352231411	0.10282726917211667	5.7432584781084615E-5
55	55	9.079857434847544E-5	1.141779547390419E-5	8.62724613600445E-5	3.2850091298183E-5	3.7471700715198594E-5	5.685805345109807E-5	5.020306775604266E-5	1.8560193335764256E-4	0.613162488409476	0.38628603791276356
56	56	5.150931062448972E-5	6.477224757462269E-6	4.8941682646677295E-5	1.863559608575909E-5	2.1257398429620673E-5	3.225512248106817E-5	2.847980191212908E-5	1.0529050380387576E-4	3.2669719109247526E-5	0.9996544836401496
57	57	4.712161163088093E-5	5.925477661546313E-6	4.4772700979268816E-5	1.7048166838513267E-5	1.9446637140727737E-5	2.9507546038419694E-5	2.6053817237261102E-5	9.632158086594809E-5	2.9886826231838784E-5	0.9996839156353755
58	58	3.798550246382435E-5	4.7766245364260205E-6	3.6092007138515005E-5	0.8583527347283427	1.56762525188785E-5	2.3786515867153657E-5	2.1002408546855322E-5	7.764640301277671E-5	2.4092259839462086E-5	0.14140620729773334
59	59	1.6184102853421465E-5	2.0351286089559413E-6	1.537736025138629E-5	0.9998833514851331	6.67902401352608E-6	1.0134482746020746E-5	8.948286005051391E-6	3.308202580060001E-5	1.0264748020235974E-5	1.3943356567717115E-5
60	60	2.7531935520860375E-5	3.462102913328173E-6	0.18446794811920214	0.7553429997944706	1.1362165709655191E-5	0.0014810642128151343	1.5222569674982552E-5	5.627820148516945E-5	0.05857041085654487	2.3720041663328617E-5
61	61	1.2529279041535251E-5	1.5755395561904635E-6	0.31776990725415366	0.6821516914549914	5.170713282564907E-6	7.84583263073332E-6	6.927512344439368E-6	2.5611177602430923E-5	7.946680356730047E-6	1.0794556040257602E-5
62	62	7.614229790004048E-6	9.57478892784338E-7	0.9999495996074357	2.7547584922094925E-6	3.1423196004461466E-6	4.768029536757396E-6	4.209952598931637E-6	1.5564294706107756E-5	4.829316204329639E-6	6.560012742882155E-6
63	63	1.1746757805377713E-5	1.4771385901781215E-6	0.12429742339293455	4.2498692202294565E-6	4.847774274161029E-6	7.3558179516337724E-6	6.494851733617578E-6	2.4011621052491658E-5	7.450367191744039E-6	0.8756349424092461
64	64	1.2996808072370315E-5	1.634330686893685E-6	0.292312546698083	4.7021259400368035E-6	5.36365802916282E-6	8.138599238754479E-6	7.18601190548808E-6	2.656685661662758E-5	8.243210089464198E-6	0.7076126217013383
65	65	3.74559743164046E-5	4.710037102335811E-6	3.558887482652521E-5	1.3551227921641353E-5	1.5457721331546927E-5	2.3454925421754133E-5	2.070962930825606E-5	7.656399121684694E-5	0.9997402375563699	3.2270062184786035E-5
66	66	1.005022642064221E-4	1.2638021087965206E-5	0.18177535775914727	0.3420219896272587	4.147632044407862E-5	6.293450256469886E-5	5.5568295160962803E-5	2.0543730644869692E-4	0.3847975758754821	0.09092652002819925
67	67	7.549190382428141E-5	9.493002769990773E-6	0.6422748275208836	0.06424762215086698	3.115478460782161E-5	4.7273018696226004E-5	4.1739919265447036E-5	1.5431347246556298E-4	0.29305304444390684	6.50397827133947E-5
68	68	1.0677857879323357E-4	1.3427258989510497E-5	0.2669310713195209	3.8631510320699716E-5	4.4066495273132904E-5	6.686472980464699E-5	5.9038506546117944E-5	2.1826676032538701E-4	6.77241868269355E-5	0.7324541306535994
69	69	4.7962763491327166E-5	6.031251347686026E-6	4.5571923234673046E-5	1.7352487865683218E-5	1.97937724454045E-5	3.003427520553404E-5	2.6518895066358236E-5	0.2729581271462954	3.0420325800670798E-5	0.7268181871592472
70	70	3.1339616455492406E-5	3.940913538423003E-6	2.977740420591175E-5	1.1338385753302853E-5	1.2933559109004252E-5	1.9624863059242726E-5	1.7327858941101227E-5	6.406150588336903E-5	0.8748123080769974	0.12499734781605683
71	71	6.835818057377682E-5	8.595946911722621E-6	6.495067278876419E-5	0.16357642468777175	2.8210765447321988E-5	4.280588228144219E-5	3.7795641568713005E-5	1.3973138418022806E-4	0.8359742330897961	5.889374867999315E-5
72	72	2.0848407398490415E-5	2.621658471409594E-6	1.9809159280427958E-5	7.542762553007237E-6	8.603937760371697E-6	1.3055269542935726E-5	1.1527207522169308E-5	4.261635987517651E-5	0.9998554133659459	1.7961871650162404E-5
73	73	2.7095639877195935E-5	3.407239337977338E-6	2.574498070156447E-5	9.80295395754217E-6	1.1182110682359344E-5	1.6967285571209833E-5	1.498133923807625E-5	5.538636683291098E-5	1.7185377422862507E-5	0.9998182467063783
74	74	3.5747418913395965E-5	4.495188617242674E-6	3.396548722330308E-5	1.2933088249520169E-5	1.4752616904783974E-5	2.2385028288175862E-5	1.9764958940051808E-5	7.307152243831734E-5	2.26727580047635E-5	0.9997602119324205
75	75	3.087657765953944E-5	3.882687048562232E-6	2.9337446894701777E-5	1.1170862564411383E-5	1.274246743927291E-5	1.9334908235621993E-5	1.707184205742541E-5	6.311500538636084E-5	1.9583432722402387E-5	0.9997928847699917
76	76	3.8768478865417086E-5	4.875082738863969E-6	3.6835953856147255E-5	1.4026080027786392E-5	1.5999379369691644E-5	2.427681557077952E-5	2.143532082133315E-5	7.924688996922705E-5	2.4588861692584974E-5	0.9997399471370881
77	77	3.208816263677626E-5	4.035042188151241E-6	3.0488636975417284E-5	1.1609202895229638E-5	1.324247693814244E-5	2.0093602564146276E-5	1.7741734543523075E-5	6.559161381128163E-5	2.0351879055762788E-5	0.9997847576483916
78	78	0.7652039326256688	2.6810969151347273E-6	2.0258274072446942E-5	7.713772649260511E-6	8.799006903039025E-6	1.3351259624216988E-5	1.1788553263075829E-5	4.358256128387822E-5	0.23466952374502614	1.8369104594086718E-5
79	79	1.4204085652901526E-5	1.7861441772887213E-6	1.3496042635445683E-5	5.1389078942389904E-6	5.861889906727472E-6	8.894596276116647E-6	7.853522806519945E-6	2.9034660265019247E-5	0.9999014926706337	1.2237479752232967E-5
80	80	7.577418542308833E-6	9.528499291652605E-7	7.199700580003653E-6	2.741440520465279E-6	3.1271279516071E-6	0.9999473885475721	4.189599442778163E-6	1.5489048604607115E-5	4.805968714183035E-6	6.5282981426373585E-6
81	81	1.456395144148647E-4	1.8313968037930617E-5	1.3837969891058126E-4	5.269104035477265E-5	6.010403065929078E-5	9.119944178210969E-5	8.052494725374913E-5	2.977026417278875E-4	0.7434580258801821	0.2556574188366768
82	82	5.122871478331954E-5	6.4419402174978705E-6	4.867507390266512E-5	1.8534079084347214E-5	2.1141599217378583E-5	3.2079413407991985E-5	2.8324658815143145E-5	1.0471693609108962E-4	0.4085933486649903	0.5910955089194901
83	83	1.4793048190351061E-4	1.8602054039395045E-5	1.4055646661381382E-4	5.351989137697431E-5	6.104949096743746E-5	9.26340452751583E-5	8.17916367021756E-5	3.023856226910057E-4	0.7866137118147866	0.21248781849564397
84	84	3.375839411058513E-5	4.245071492012743E-6	0.14541681894211775	1.2213477321314183E-5	1.3931765446918697E-5	2.11395012590868E-5	1.8665215385040378E-5	6.900574440659218E-5	2.1411221385046792E-5	0.8543888106670757
85	85	0.9997421255063719	4.936130349049015E-6	3.7297227453388486E-5	1.4201719850088177E-5	1.6199729584709984E-5	2.4580818939108928E-5	2.170374192919666E-5	8.0239249177544E-5	2.4896772619211163E-5	3.3819103725749055E-5
86	86	0.9998916288010901	2.0743981166066746E-6	1.567407927119786E-5	5.968242089732142E-6	6.807901364787506E-6	1.0330036061904432E-5	9.120950663289666E-6	3.372037114131285E-5	1.0462814913472908E-5	1.4212405287784872E-5
87	87	4.1414835894877486E-5	5.207858484850281E-6	3.935039569851345E-5	0.8587765272170436	1.7091505532520182E-5	2.593396394024921E-5	2.28985072447983E-5	8.465632491406863E-5	2.626731049663768E-5	0.14096065208074982
88	88	1.0862870792251891E-4	1.3659910175391667E-5	1.0321380125275534E-4	0.6064766617791121	4.4830025818788604E-5	6.802328038409345E-5	6.0061453863313346E-5	2.2204862084269827E-4	6.889762903062231E-5	0.3928339747915978
89	89	3.629935091050045E-5	4.564593304526162E-6	3.448990660141822E-5	1.313277218316527E-5	1.4980393945988017E-5	2.2730648020841466E-5	0.31653539583474316	7.419973008342182E-5	0.17951037215539528	0.5037538346148118
90	90	1.728471583170815E-5	2.1735291727552446E-6	1.642311004782234E-5	0.9254366297511625	7.133236432846016E-6	1.082368642567574E-5	9.556821417843742E-6	3.533179566884192E-5	0.0744497517680539	1.4891585786123501E-5
91	91	6.163756213413155E-5	7.750838413570224E-6	5.856506267527637E-5	0.7668774647031321	2.5437230679860505E-5	3.859743203640591E-5	3.4079771960528057E-5	1.2599372602086148E-4	0.13767976415547373	0.09509070951747346
92	92	9.955963047208532E-6	1.2519486196171053E-6	0.14293145684694258	0.8570062442488653	4.1087304543437335E-6	6.234422546358457E-6	5.504710740472757E-6	2.0351046294045436E-5	6.314557742493046E-6	8.577524747557836E-6
93	93	1.8204878823052505E-5	2.2892383996149515E-6	1.729740489975502E-5	6.5863581636694975E-6	0.999869713164068	1.1399892350944851E-5	1.0065584967630019E-5	3.721270659088142E-5	1.154642277981188E-5	1.568434895655893E-5
94	94	1.755903993487057E-5	2.208025050316601E-6	1.668375968643207E-5	6.352699578246457E-6	7.24644735896933E-6	1.0995468137365086E-5	9.708496833862098E-6	3.589254328276524E-5	0.9998782255913904	1.5127928746876757E-5
95	95	1.1971054942035716E-5	1.505343645710322E-6	0.9999207607486077	4.3310178667804264E-6	4.940339551054781E-6	7.496272784504649E-6	6.618866944538311E-6	2.4470108231492255E-5	7.592627384373011E-6	1.0313620041857833E-5
96	96	1.3337824632109464E-5	1.6772130488718873E-6	1.267296285715343E-5	4.8255026031838434E-6	5.504392292417104E-6	8.352143756611589E-6	7.374561974444141E-6	2.7263930697897236E-5	0.8325485119210968	0.16737047954704062
97	97	5.06382150678254E-4	6.36768569282841E-5	4.8114009323693116E-4	1.8320441703972867E-4	2.0897905648727548E-4	3.1709642575935E-4	2.7998168036630453E-4	0.0010350989193175925	0.6734069806370246	0.32351745976316165
98	98	1.5029467695039237E-4	1.889934830529523E-5	1.4280281163952887E-4	5.437523545802465E-5	6.202517158648671E-5	9.411450385403997E-5	8.30988140998249E-5	0.9991695793703764	9.532422041870533E-5	1.2948584731134138E-4
99	99	3.5392160188004644E-4	4.450515322579804E-5	3.362793737872608E-4	1.2804558901484465E-4	1.4606005036372517E-4	0.6964646085933918	1.956853429363284E-4	0.30180150003537576	2.2447435579964328E-4	3.0491990422489414E-4
100	100	1.6771744816202947E-4	2.1090237751638594E-5	1.593570953045135E-4	6.06786342622069E-5	6.92153821504349E-5	1.050246405376359E-4	9.273196715219475E-5	0.9990733136280832	1.0637459237453282E-4	1.4449637422171965E-4
101	101	1.174469440393856E-4	1.476879120293469E-5	1.1159246732890287E-4	4.249122700516483E-5	4.846922728178748E-5	7.354525849966315E-5	6.493710866781276E-5	0.9993510723919468	7.449058481831026E-5	1.0118599920932088E-4
102	102	1.371438457001033E-4	1.7245649416242687E-5	1.303075209476428E-4	4.961738534508124E-5	5.659794966915064E-5	8.587945532469195E-5	7.582764187004163E-5	0.9992422414352514	8.698332131150987E-5	1.1815579516415716E-4
103	103	1.3048371557296203E-4	1.6408147239948186E-5	1.2397938393481414E-4	4.720781135887864E-5	5.384937784807001E-5	8.170888285174846E-5	7.214521660691252E-5	0.9992790405392901	8.275914168559789E-5	1.1241778361101796E-4
104	104	1.1671810440303094E-4	1.4677140624047468E-5	1.1089995877558843E-4	4.222753951042404E-5	4.816844215472106E-5	7.308885923019789E-5	6.453412893041321E-5	0.9993550994372287	7.402831914426585E-5	1.0055806999863683E-4
105	105	1.3231967368293134E-4	1.6639016439698315E-5	1.2572382349498932E-4	4.787204416170506E-5	5.460706014997904E-5	8.285855954105392E-5	7.316032868387425E-5	0.9992688963510821	8.3923595937108E-5	1.1399954682659724E-4
106	106	1.1528723017123888E-4	1.449721016319265E-5	1.095404105364322E-4	4.170986233886197E-5	0.4781575963010534	7.219284600381402E-5	6.374299012097177E-5	0.5212529870553851	7.312078886155455E-5	9.932530536545746E-5
107	107	0.5492576520321335	2.9511346770178493E-5	2.2298669911649028E-4	8.490697157331445E-5	0.14983038874710752	1.4695986943431735E-4	1.2975886149489227E-4	0.2999467943804211	1.4884884277121627E-4	2.021922491774346E-4
108	108	1.0925974785722484E-4	1.3739262576704554E-5	1.03813385208497E-4	3.952917452813019E-5	4.5090449947056166E-5	6.841843749525673E-5	6.0410359568343754E-5	0.9993963089681609	6.929786536000853E-5	9.41323492979459E-5
109	109	0.9988679135443592	2.1669945843871116E-5	1.6373734927749292E-4	6.234650997426169E-5	7.111790774602501E-5	1.0791145645315345E-4	9.528089393053754E-5	3.522557269107061E-4	1.0929851446273505E-4	1.4846815104192556E-4
110	110	0.9969968039091842	5.748597761438133E-5	4.3436202669912293E-4	1.653926642243493E-4	1.886614060840357E-4	2.862672391844377E-4	2.5276091481872645E-4	9.344631028440567E-4	2.899468231697021E-4	3.9385593617709085E-4
111	111	1.806011536718868E-4	2.2710345947313515E-5	1.715985758976724E-4	6.53398407326235E-5	0.7202425320475908	0.2785780522926872	9.985544398320656E-5	3.691679470591348E-4	1.1454606729800397E-4	1.555962851320995E-4
112	112	0.21422606911180755	1.2058125007216291E-5	9.111076881148057E-5	3.4692380703200057E-5	0.6118400828859984	6.004675050865071E-5	5.301854181323125E-5	0.17353948855841816	6.081857149022118E-5	8.261430544184499E-5
113	113	1.0213962120261424E-4	1.2843916471614495E-5	9.704818150242328E-5	3.6953178017866565E-5	0.8960879824682773	6.395981526675435E-5	5.647359950974243E-5	0.10338981925690556	6.478193348267914E-5	8.799802936364356E-5
114	114	1.6055874663049974E-4	2.0190040908987357E-5	1.5255523959589067E-4	5.8088681715323735E-5	0.7768987808767891	0.22205269038332598	8.877387881643106E-5	3.2819913755177796E-4	1.0183419442731542E-4	1.3832882023865289E-4
115	115	0.1599735553609586	1.5752443686578428E-5	1.1902491092809167E-4	4.5321289425466024E-5	0.2598051622682171	0.5795284805396064	6.92621443016732E-5	2.5606379182553575E-4	7.945191494734922E-5	1.079253361032194E-4
116	116	0.12963289636563397	2.1870329342769144E-5	1.6525143995334903E-4	6.292303249548693E-5	7.177553999352258E-5	0.8693334580176098	9.616196299464564E-5	3.5551306015804316E-4	1.1030920544046971E-4	1.4984104637793839E-4
117	117	1.7232750344225328E-4	2.1669945843871116E-5	1.6373734927749292E-4	6.234650997426169E-5	0.998766703948663	1.0791145645315345E-4	9.528089393053754E-5	3.522557269107061E-4	1.0929851446273505E-4	1.4846815104192556E-4
118	118	0.7783747963053533	7.358229688411815E-5	5.559852494491859E-4	2.1170331664267916E-4	0.21802258727657306	3.664232888786517E-4	3.23535050576229E-4	0.0011961167629777573	3.7113317209625993E-4	5.041372805688326E-4
119	119	0.3068906864439886	1.8602054039395045E-5	1.4055646661381382E-4	5.351989137697431E-5	0.6921985501233645	9.26340452751583E-5	8.17916367021756E-5	3.023856226910057E-4	9.382473251710681E-5	1.2744898343122E-4
120	120	0.844703662208182	1.9206299499953926E-5	1.451221240795823E-4	5.525836344815816E-5	6.303254497364462E-5	9.564305176617162E-5	8.444845218525642E-5	0.15460516566600052	9.68724157778666E-5	1.315888740867394E-4
121	121	0.9989269058937528	2.054073790202998E-5	1.552050937512312E-4	5.909767055785281E-5	6.741199602789998E-5	1.022882548761634E-4	9.0315863426665E-5	3.3389989126383977E-4	1.0360303412088334E-4	1.4073156432062422E-4
122	122	0.9923456952411744	1.465156382445741E-4	0.0011070670137669823	4.2153952607981357E-4	4.808450246761756E-4	7.296149252079034E-4	6.44216699355278E-4	0.002381684431769153	7.389931530549091E-4	0.0010038283466708292
123	123	0.9950856418541542	9.406867677574628E-5	7.107796159840537E-4	2.706445939976086E-4	3.087210058081564E-4	4.6844085308882905E-4	4.1361190649172205E-4	0.001529133037798553	4.744620361832688E-4	6.444964197178931E-4
124	124	0.9984188014743007	3.026666934277431E-5	2.286938899317029E-4	8.708010696762597E-5	9.933122185017627E-5	1.5072120596409044E-4	1.3307995008650023E-4	4.919997349010615E-4	1.5265852627110573E-4	2.0736722038416922E-4
125	125	0.7653453127442084	5.482103445791781E-5	4.1422580985952504E-4	1.577253674861673E-4	1.7991541368907196E-4	2.729964216452154E-4	2.4104338824753165E-4	0.2326818568869912	2.765054269508244E-4	3.7559750646422313E-4
126	126	0.9984582612154665	2.9511346770178493E-5	2.2298669911649028E-4	8.490697157331445E-5	9.685235266317494E-5	1.4695986943431735E-4	1.2975886149489227E-4	4.797215915324173E-4	1.4884884277121627E-4	2.021922491774346E-4
127	127	0.9970680670184243	5.612188769862933E-5	4.240550112321433E-4	1.6146804686946676E-4	1.841846426677962E-4	2.7947437820534626E-4	2.4676312841395606E-4	9.122891441130669E-4	2.8306664901239304E-4	3.8451009336300213E-4
128	128	0.9990281870763856	1.8602054039395045E-5	1.4055646661381382E-4	5.351989137697431E-5	6.104949096743746E-5	9.26340452751583E-5	8.17916367021756E-5	3.023856226910057E-4	9.382473251710681E-5	1.2744898343122E-4
129	129	0.8624548099662243	2.6832830380604982E-5	2.0274792340449984E-4	7.720062334328417E-5	0.13623144475310317	1.3362146024700183E-4	1.1798165458145915E-4	4.361809779725402E-4	1.3533898610365686E-4	1.8384082463947495E-4
130	130	0.9983334954020308	3.18995640364909E-5	2.410319848547254E-4	9.177810141773734E-5	1.046901671388907E-4	1.5885265427979632E-4	1.402596480531083E-4	5.185432487357513E-4	1.6089449352193222E-4	2.1855473593076854E-4
131	131	0.9983107110067443	3.233569381216553E-5	2.443273661133799E-4	9.303288855957329E-5	1.0612148761265624E-4	1.6102448247146424E-4	1.421772732837111E-4	5.256327547393449E-4	1.6309423767162445E-4	2.2154280899173818E-4
132	132	0.9981867580922859	3.47083508915965E-5	2.622550796263503E-4	9.985925025581554E-5	1.1390823560472142E-4	1.7283978108595968E-4	1.5260964303431387E-4	5.642014733806594E-4	1.750614062090872E-4	2.377986876255688E-4
133	133	0.9977592801627602	4.289096233096127E-5	3.240826041112909E-4	1.2340140718576238E-4	1.407624884791419E-4	2.135873456795197E-4	1.8858788396976242E-4	6.972138842730711E-4	2.1633272646027734E-4	2.938605347501472E-4
134	134	0.9986443341387438	2.5949613343957537E-5	1.9607436651334237E-4	7.465952332478312E-5	8.516321273421858E-5	1.2922323805136031E-4	1.1409822499687392E-4	4.2182384660240536E-4	1.3088423062114385E-4	1.777896050681597E-4
135	135	0.0023099219176788252	2.904694947689805E-4	0.9847100790683933	8.357085607555848E-4	9.5328261920218E-4	0.0014464727536270048	0.0012771694641298646	0.004721725829978098	0.0014650652338372122	0.0019901050576289245
136	136	0.007269808942602323	1.6876475201334048E-5	1.275180535532037E-4	4.855523576529577E-5	5.538636852597444E-5	8.404105076647255E-5	7.420441449946895E-5	0.9921228617152077	8.512128651187641E-5	1.1562645736632681E-4
137	137	4.571499659758223E-4	5.748597761438133E-5	4.3436202669912293E-4	1.653926642243493E-4	1.886614060840357E-4	0.6808499333467414	2.5276091481872645E-4	0.31691045093849546	2.899468231697021E-4	3.9385593617709085E-4
138	138	1.1054408108821178E-4	1.3900765708851404E-5	1.0503369719950352E-4	3.9993834509830875E-5	4.5620481952464354E-5	0.6583414807305407	6.112047499338464E-5	0.34111695461977	7.011245218693972E-5	9.523886205021954E-5
139	139	0.9701719812882498	5.709559962430473E-4	0.0043141234432465154	0.0016426950935227904	0.0018738023694386465	0.002843232445948834	0.0025104445626671656	0.009281173148270892	0.0028797784111955146	0.003911813241216792
140	140	0.0010367021995853034	1.3036387153814757E-4	9.850248321338093E-4	3.75069346074773E-4	4.2783705396692525E-4	6.491827597498157E-4	0.33129079792350885	0.6635543277610997	6.575271392641834E-4	8.931671130784107E-4
141	141	0.39281468036438566	7.1362108529176E-5	5.392095842604425E-4	2.0531562207189234E-4	2.3420103988746954E-4	3.55367250219935E-4	3.137730727347898E-4	0.6046172299182256	3.5993502278979677E-4	4.88926016895264E-4
142	142	0.5881264025339185	4.212699449784037E-5	3.1831009001135994E-4	1.2120339854878378E-4	1.3825524668591017E-4	2.097829576967619E-4	1.852287829088559E-4	0.4103575842256633	2.1247943813832958E-4	2.8862633193043664E-4
143	143	2.843598210552451E-4	3.5757855242793215E-5	2.7018509762262265E-4	1.028787748070697E-4	1.1735257063745386E-4	1.780660767079024E-4	1.5722422368377563E-4	0.9984288315033386	1.8035487889861039E-4	2.44989198005949E-4
144	144	4.1664256699697585E-4	5.239222806997485E-5	3.958738341446204E-4	1.5073745885074892E-4	1.7194439106284158E-4	2.609015121030314E-4	2.303641348015496E-4	0.9976979318906428	2.642550534597043E-4	3.58956929867734E-4
145	145	0.16371637690361068	1.381954230422876E-5	1.0441997600850357E-4	3.976014699427663E-5	4.5353917437795524E-5	6.881821248238479E-5	6.076334264721793E-5	0.8357863028066448	6.970277892200299E-5	9.46823729480991E-5
146	146	2.1833892296988544E-4	2.745581837986789E-5	2.0745519883407125E-4	7.89930194936823E-5	9.010637925444166E-5	1.3672380036532339E-4	1.2072087940026762E-4	0.9987936156518448	1.3848120267116184E-4	1.8810912678652588E-4
147	147	3.18016214165373E-4	3.9990100249701866E-5	3.0216379216652805E-4	1.1505534910208015E-4	1.3124224124985332E-4	1.9914170495601214E-4	1.7583304211353471E-4	0.9982428704052846	2.017014062702177E-4	2.739857444421675E-4
148	148	1.0269732733567519E-4	1.2914047248529484E-5	9.757808718827801E-5	3.71549509809342E-5	4.2382201942995795E-5	6.430905076247794E-5	5.678195852294195E-5	0.9994325681989729	6.513565793543746E-5	8.84785191098903E-5
149	149	1.9562896375251095E-4	2.4600072335116905E-5	1.8587728207571167E-4	7.077676456873599E-5	8.07341969139806E-5	1.225028273564513E-4	1.0816440888839378E-4	0.9989190946043578	1.2407743799989972E-4	1.6854344175139754E-4
150	150	1.788834716458643E-4	2.2494349801965936E-5	1.6996651661389843E-4	6.4718399132015E-5	7.382349294036122E-5	1.1201680274542014E-4	9.890572745126199E-5	0.9990116181878986	1.1345662951231404E-4	1.5411642225828396E-4
151	151	1.3615107390351148E-4	1.7120809732281987E-5	1.2936423668271483E-4	4.925820961583313E-5	5.618824227112911E-5	0.6298703266091302	7.527873248321244E-5	0.36946265795306854	8.635365697818803E-5	1.1730047613438923E-4
152	152	1.3420803445032793E-4	1.6876475201334048E-5	1.275180535532037E-4	4.855523576529577E-5	5.538636852597444E-5	0.9990681681920458	7.420441449946895E-5	2.7433548208048714E-4	8.512128651187641E-5	1.1562645736632681E-4
153	153	0.0010971782242824041	1.3796864822127256E-4	0.0010424862575066994	3.969490170597646E-4	4.5279492928771515E-4	0.9923820837361302	6.066363170274706E-4	0.0022427488661129905	6.958839861282697E-4	9.452700182432451E-4
154	154	0.0011651470813932297	1.465156382445741E-4	0.0011070670137669823	4.2153952607981357E-4	4.808450246761756E-4	0.991910163084989	6.44216699355278E-4	0.002381684431769153	7.389931530549091E-4	0.0010038283466708292
155	155	7.257875979659208E-5	9.126678926991572E-6	6.896086524530961E-5	2.6258329524828887E-5	2.9952558009781686E-5	0.999496071921198	4.012922473577402E-5	1.4835869655010293E-4	4.6032992231988354E-5	6.252997378057512E-5
156	156	3.410849529566662E-4	4.289096233096127E-5	3.240826041112909E-4	1.2340140718576238E-4	1.407624884791419E-4	0.997631782555483	1.8858788396976242E-4	6.972138842730711E-4	2.1633272646027734E-4	2.938605347501472E-4
157	157	1.174469440393856E-4	1.476879120293469E-5	1.1159246732890287E-4	4.249122700516483E-5	4.846922728178748E-5	0.9991845436180393	6.493710866781276E-5	2.4007403240712698E-4	7.449058481831026E-5	1.0118599920932088E-4
158	158	4.685381825189095E-4	5.8918030135409536E-5	4.4518256522324795E-4	1.6951281650480382E-4	1.9336121381829228E-4	0.9967468506375169	2.590575269718961E-4	9.577418274612561E-4	2.9716978599151586E-4	4.0366741385792316E-4
159	159	3.2348582662736E-4	4.067789647184083E-5	3.073607562506796E-4	1.1703420471772417E-4	1.334994978496882E-4	0.9977539766236178	1.7885722313178037E-4	6.612394001408821E-4	2.0517050148044554E-4	2.7869806971193617E-4
160	160	6.929473658303666E-4	8.713717537972154E-5	6.584054350204531E-4	2.5070200050718273E-4	2.8597273129120127E-4	4.339235351203742E-4	3.8313468914875405E-4	0.9961712696716541	4.3950104407741405E-4	5.970063519702904E-4
161	161	4.931060434828757E-4	6.200740476194617E-5	4.6852577133547375E-4	1.7840124323901618E-4	2.035001343890183E-4	0.3149195687384576	2.726412423269571E-4	0.6826646637317962	3.127519226397633E-4	4.248337675711449E-4
162	162	2.26217177990867E-4	2.8446498081242922E-5	2.1494073984348931E-4	8.184329989253922E-5	9.335765953524476E-5	0.9984293312779602	1.2507681310799067E-4	4.624119474902288E-4	1.434779765647755E-4	1.9489660953325908E-4
163	163	2.7411558452549377E-5	0.056842962910964925	2.604515141768715E-5	9.917250400163869E-6	0.021872664773902765	1.716511373506076E-5	0.8584375891351196	5.603213796742412E-5	1.7385748404206674E-5	0.06269282621963569
164	164	3.7487936797255884E-6	4.7140563402128065E-7	3.561924404668092E-6	1.3562791654019478E-6	1.5470911940817707E-6	2.347494032240331E-6	0.9999736966514222	7.662932592373493E-6	2.377667940617497E-6	3.2297599347107273E-6
165	165	1.1925512871032495E-5	1.499616793103836E-6	1.1331051789604879E-5	4.314541163251774E-6	4.921544775180509E-6	7.467754346567101E-6	0.9999163248370502	2.4377015399496146E-5	7.5637423799089585E-6	1.0274383431674281E-5
166	166	8.825422406222696E-6	1.1097846935165457E-6	8.38549414448711E-6	3.1929568704105236E-6	3.642167175686909E-6	5.526478168871755E-6	0.9337763774765179	0.06617973919488251	5.597513683180092E-6	7.603511457211721E-6
167	167	1.9367120864574452E-5	2.4353887331030154E-6	1.8401711683619245E-5	7.006846672971997E-6	7.992625015974134E-6	1.212768814062707E-5	0.9998641109181855	3.958845281249188E-5	1.228357341477743E-5	1.668567447640423E-5
168	168	3.845365803008899E-6	4.835494453095249E-7	3.6536826160078582E-6	1.3912180737436229E-6	1.586945583063862E-6	2.4079674811565556E-6	0.9999730190547235	7.86033627319611E-6	2.43891869515486E-6	3.312961305935087E-6
169	169	2.3187337222467534E-5	2.9157756703811637E-6	0.03700690767672241	8.388965908170174E-6	9.569191664266217E-6	1.4519907043076071E-5	0.7890235122177055	0.10853636750373326	1.4706541104226214E-5	0.06535992488322633
