0	0	5.296594853288787E-5	0.9995171418784676	1.0874441578789827E-4	1.8991217229229776E-4	1.3123558491938585E-4
1	1	0.6505789026353437	8.521243229426744E-5	0.1472550138020416	0.20205545902823047	2.5412102090021607E-5
2	2	3.382570713962206E-5	0.9996916317396108	6.944757647881559E-5	1.2128383801566292E-4	8.381113875500177E-5
3	3	2.1235689324218483E-5	0.9998064072231204	4.3599004518564776E-5	7.614167217608785E-5	5.261641086064435E-5
4	4	3.501184998022624E-5	0.9996808184016126	7.188284694626334E-5	1.2553681506502558E-4	8.675008639582378E-5
5	5	1.83142793415515E-5	0.9998330399291425	3.7601056201925154E-5	6.566680424050853E-5	4.537793107345472E-5
6	6	1.3309537269621708E-5	0.9998786650981907	2.7325817716519958E-5	4.772204038807462E-5	3.297750643511295E-5
7	7	2.649520074491432E-5	0.9997584594779159	5.439731008309581E-5	9.499992482269697E-5	6.564808643342531E-5
8	8	1.0490754721949756E-4	0.9990436221272705	2.1538573838703252E-4	3.76151484758944E-4	2.5993310236406336E-4
9	9	4.534808624908835E-5	0.9995865892644643	9.310417887058773E-5	1.625979295644134E-4	1.1236054085161092E-4
10	10	2.709435667268797E-5	0.9997529973401876	5.5627437422194536E-5	9.714822966641457E-5	6.71326360510059E-5
11	11	2.7341675835274264E-5	0.9997507426828168	5.6135208520297306E-5	9.803500542928252E-5	6.774542739833033E-5
12	12	3.1679228712762175E-5	0.9256780149603919	6.504064053231271E-5	1.1358752761030127E-4	0.07411167764275269
13	13	5.9252435257005115E-5	0.9994598318282424	1.2165120486858532E-4	2.1245269847814502E-4	1.4681183315395135E-4
14	14	3.5217675654309226E-5	0.9996789420149698	7.230542774208175E-5	1.262748137596842E-4	8.726006787407365E-5
15	15	7.573133909762969E-5	0.9993096037520198	1.5548405069897733E-4	2.715386680879537E-4	1.8764219009567321E-4
16	16	2.851287976308991E-5	0.9997400655337393	5.853980789832453E-5	1.0223441822731126E-4	7.064736037195262E-5
17	17	2.72174544315506E-5	0.9997518751332933	5.588016949332897E-5	9.758960310420737E-5	6.743763967756367E-5
18	18	0.1318904383519456	0.8677721486681084	8.535111753134531E-5	1.4905791732394285E-4	1.0300394509081429E-4
19	19	6.575623135792351E-5	0.9225656013290235	0.07696994352440564	2.3577239877398045E-4	1.6292651643901458E-4
20	20	6.365995612811323E-5	0.8825281817033839	1.3070028820377782E-4	2.2825609455130402E-4	0.11704920195773302
21	21	2.3762700809453984E-5	0.9958167591334526	4.878721308015816E-5	8.520240371893318E-5	0.004025488548938891
22	22	1.623031675308276E-5	0.9998520381400438	3.332247155492019E-5	5.819464763585083E-5	4.021442401234742E-5
23	23	5.867212291795194E-5	0.9994651221805102	1.2045976531104275E-4	2.1037195830506607E-4	1.453739729558225E-4
24	24	2.6851471652641995E-5	0.923557695784058	5.5128770064389525E-5	9.627735275300392E-5	0.07626404662147192
25	25	6.365995612811323E-5	0.8293956955871031	1.3070028820377782E-4	2.2825609455130402E-4	0.17018168807401376
26	26	3.9645977530231326E-5	0.9996385718982322	8.139717656879436E-5	1.421527212099819E-4	9.823222645866691E-5
27	27	6.532169286674133E-6	0.9999404502122843	1.3411200074439618E-5	2.3421433833909963E-5	1.6184984520702725E-5
28	28	1.0582290562890962E-5	0.9999035277365129	2.1726506120150542E-5	3.794335501004063E-5	2.6220111794006086E-5
29	29	2.3863085227453947E-4	0.001982639799450456	0.6378287547781303	8.55623372878531E-4	0.3590943511972661
30	30	7.976473010453619E-5	6.627170250212885E-4	0.7990518584244991	2.8600060201046634E-4	0.19991965921836471
31	31	8.939922237900444E-6	7.427642094016325E-5	0.5118789049427801	0.16717019345854559	0.3208676852554962
32	32	0.3497819873157238	0.11455582067226562	0.30700180485446876	1.5331354189735357E-4	0.22850707361564454
33	33	1.188381070969971E-5	0.04175677404603767	0.6606018683884312	0.12501672591839683	0.1726127478364246
34	34	4.56939792242935E-5	0.19106739032357956	0.5416470147177239	1.638381468761277E-4	0.26707606283259616
35	35	1.8773421368456374E-5	1.5597703323849089E-4	0.3760910367036934	0.1786922472487491	0.4450419655929504
36	36	4.0724014114187546E-5	3.383512668482596E-4	0.4215530278789232	1.460180776350173E-4	0.5779218787624795
37	37	4.987895353571271E-5	4.1441413585981336E-4	0.6328852908291459	1.7884359064677192E-4	0.3664715724908118
38	38	1.531971645059231E-4	0.0012728228249504038	0.9976451016055489	5.492964273503978E-4	3.79581977644421E-4
39	39	1.859857039934168E-5	1.545243020135257E-4	0.37879738572249866	6.668614466286847E-5	0.6209628052604255
40	40	3.69557002174827E-5	0.0743334170561324	0.31468796512090585	1.3250659152317873E-4	0.6108091555312212
41	41	0.19925953550378725	0.0024757261755286495	6.11780445029775E-4	0.0010684185706433575	0.7965845393050108
42	42	0.9999569968719634	2.1752921663059296E-5	5.375397419661142E-6	9.387639756080848E-6	6.487169197904628E-6
43	43	3.136310846633361E-6	0.3230450531250912	6.439161389408956E-6	1.1245406197119262E-5	0.6769341259964757
44	44	6.504229976378125E-5	5.403972325049543E-4	0.9990001903248071	2.3321255978936428E-4	1.6115758313478963E-4
45	45	3.236379874033138E-5	2.688912805380431E-4	0.48087623009198543	1.1604208916584746E-4	0.5187064727395704
46	46	3.672912323172712E-5	3.0516012839095944E-4	0.99943541152601	1.3169418791768937E-4	9.100503444961345E-5
47	47	0.5653424501764761	8.039509422306836E-5	0.21000061111139623	0.2245525681452309	2.3975472673732847E-5
48	48	2.5928760973152154E-4	0.0021542643361415034	0.8228870138049559	0.1740569882613618	6.42445987809262E-4
49	49	3.5425935631588645E-5	2.9433272875860876E-4	7.2733006407027E-5	0.2189267866069182	0.7806707217222846
50	50	7.447294089348212E-7	6.187507406949523E-6	0.9999885522548994	2.6702661566223343E-6	1.845242128110737E-6
51	51	2.7315987065588283E-6	2.2695205838347298E-5	0.9999580107280113	9.794289700510219E-6	6.768177743436328E-6
52	52	3.1679228712762175E-5	2.6320360114020857E-4	0.5182973350017133	1.1358752761030127E-4	0.4812941946408235
53	53	1.1721052030272768E-5	9.738315069131481E-5	0.1917657177133056	4.202644367329679E-5	0.8080831516402994
54	54	2.1235689324218483E-5	0.24476674699923312	4.3599004518564776E-5	0.21985294417865972	0.5353154741282643
55	55	2.581028820627093E-5	2.1444211486185632E-4	5.299111580273973E-5	0.9996428054264702	6.395105465891314E-5
56	56	1.640813238456681E-5	1.3632527391247549E-4	3.3687544918076954E-5	0.9997729240447574	4.0655004027470336E-5
57	57	1.4501615822344225E-5	1.2048517788740147E-4	2.977327479752742E-5	0.999799308770295	3.593116119764882E-5
58	58	1.2099834439929115E-5	1.0053022523577658E-4	2.484217622352929E-5	0.9998325475807162	2.9980183384535118E-5
59	59	5.093664452479746E-6	4.232018522447298E-5	1.0457805069998129E-5	0.9999295075945195	1.262075073363773E-5
60	60	8.556839839939652E-6	7.109362038681242E-5	0.11571460064039146	0.8841845473177513	2.1201581630483016E-5
61	61	3.822770938112408E-6	3.176109766965313E-5	0.26482747613458457	0.7351274681834262	9.471813381469106E-6
62	62	2.3752708799510446E-6	1.9734692878893527E-5	0.8151971467226383	0.1847748580217898	5.885291813075056E-6
63	63	3.650396132598999E-6	3.0328939394325706E-5	7.49463015067877E-6	0.999949481320031	9.044714291326857E-6
64	64	4.072233867779195E-6	3.383373466579418E-5	8.360705418659237E-6	0.9999436434096323	1.0089916415538179E-5
65	65	1.1386867816980892E-5	9.460661565695033E-5	2.3378384088462846E-5	0.9998424144914144	2.82136410232195E-5
66	66	2.9937780050707636E-5	2.487349547217779E-4	6.146527140129164E-5	0.9995856841081285	7.417788569769473E-5
67	67	2.276921790879594E-5	1.8917569626077818E-4	0.28890548170468167	0.710826157292828	5.641608832063842E-5
68	68	3.024002252605891E-5	2.512461051241846E-4	6.208580558067964E-5	0.9188160003648683	0.0808404277019007
69	69	1.5010311362829917E-5	0.15046132042826782	3.081767786961962E-5	0.8494556600085529	3.719157394679596E-5
70	70	9.614249612897964E-6	7.98790003165756E-5	1.9739020754899574E-5	0.9998669461664728	2.3821562842893357E-5
71	71	2.1776029037642184E-5	1.8092388906337833E-4	4.470837625816037E-5	0.9996986364761559	5.3955229484883686E-5
72	72	6.447801983501696E-6	5.357089709740771E-5	1.3237985521520012E-5	0.9999107673706975	1.5975944700089845E-5
73	73	7.659695060877266E-6	0.04609330108065722	1.5726123813139108E-5	0.9538643344058648	1.8978694604028287E-5
74	74	1.1050788844615229E-5	9.181433821243957E-5	2.2688380179898675E-5	0.9998470655663753	2.738092638788869E-5
75	75	9.061626618940972E-6	7.528758922506226E-5	1.8604430205813153E-5	0.9529833607670024	0.04691368558694782
76	76	1.2099834439929115E-5	1.0053022523577658E-4	2.484217622352929E-5	0.9957929954070073	0.004069532357093415
77	77	9.982731740565937E-6	8.294049603155635E-5	2.0495551598044106E-5	0.9998618466567194	2.473456391049096E-5
78	78	6.791351678891423E-6	0.1757725903632413	0.47954902620063117	0.3446547649146412	1.6827169807393505E-5
79	79	4.306420973092338E-6	3.5779454052396204E-5	8.841515083316222E-6	0.9999404024398864	1.0670170004828003E-5
80	80	2.3565834421516632E-6	0.9999785164717025	4.838302659926793E-6	8.449652901225619E-6	5.838989294227051E-6
81	81	4.640184021220078E-5	3.855248987947629E-4	9.526764166653278E-5	0.9993578341553905	1.14971463935983E-4
82	82	1.6013394453501696E-5	1.3304563456566532E-4	3.2877108271665414E-5	0.9489904231953892	0.05082764066731994
83	83	4.713197772441576E-5	3.915911709343089E-4	9.676668736305887E-5	0.9993477296127675	1.167805512107558E-4
84	84	9.447468325743547E-6	7.84933152110491E-5	0.001596424015102397	0.7317745940656827	0.26654104113567806
85	85	0.05347666390121324	8.870534019256E-5	2.1920110970242456E-5	0.9463862568884692	2.645375915475516E-5
86	86	0.9999169730134985	4.199879440741531E-5	1.0378385698408687E-5	1.8124901022195312E-5	1.2524905373589085E-5
87	87	1.2477872053764457E-5	1.0367111172105356E-4	2.5618325440168908E-5	0.9998273158303702	3.091686041472943E-5
88	88	3.460733279007151E-5	2.8753145156387337E-4	7.10523324980566E-5	0.36406633729463395	0.6355404715885141
89	89	1.1195350399124774E-5	9.301541296329076E-5	2.2985179580758454E-5	0.6933628080428018	0.306509996014255
90	90	5.254502286706513E-6	4.365648976496272E-5	1.0788021308997805E-5	0.9999272817223732	1.3019264266135139E-5
91	91	1.9194479050873924E-5	1.5947534752211494E-4	3.9408194671417725E-5	0.9997343631460481	4.7558832707399346E-5
92	92	3.0814606186643785E-6	2.5601997414711747E-5	6.326548358555436E-6	0.999957354950757	7.635042851075763E-6
93	93	0.9999060307194093	4.753390027069395E-5	1.1746174091889012E-5	2.0513618301698583E-5	1.417558792647024E-5
94	94	5.085017231551623E-6	4.224834068214611E-5	1.044005145632625E-5	0.9999296272654183	1.2599325211620983E-5
95	95	3.7486168965520485E-6	3.1144996471143696E-5	0.7095983899254386	0.2903574283818771	9.288079316699784E-6
96	96	4.028420035688096E-6	3.346971196528304E-5	8.270751217778323E-6	0.3779300801390571	0.6220241509777242
97	97	1.358295989116403E-4	0.00112852619926859	2.7887181839440425E-4	0.99812022263106	3.365497523652633E-4
98	98	4.788546014191029E-5	0.9995634575803267	9.831366249645084E-5	1.7169581606038293E-4	1.1864748097460149E-4
99	99	9.967127977062491E-5	0.9990913579714163	2.046351550328369E-4	3.5737657458620567E-4	2.4695901919399697E-4
100	100	5.343841843587983E-5	0.999512834659657	1.0971444398528483E-4	1.9160623778352977E-4	1.3240624013832254E-4
101	101	3.584993330645837E-5	0.9996731781090888	7.36035162482792E-5	1.285418065634384E-4	8.882663479296927E-5
102	102	4.369430669235944E-5	0.9996016657600677	8.970880322416108E-5	1.5666821666753276E-4	1.0826291334815407E-4
103	103	3.9645977530231326E-5	0.9996385718982322	8.139717656879436E-5	1.421527212099819E-4	9.823222645866691E-5
104	104	3.7185090000467715E-5	0.9996610063030308	7.634472713370675E-5	1.3332908055990945E-4	9.213479927507142E-5
105	105	4.215690493363343E-5	0.9996156813105453	8.655236289382056E-5	1.5115578243812662E-4	1.044536391889795E-4
106	106	3.326227210348347E-5	0.9996967682318421	6.829078772044417E-5	1.1926361229286241E-4	8.241509604114742E-5
107	107	7.478593095495335E-5	0.9993182224591798	1.5354303276190356E-4	2.681488578598407E-4	1.8529971924358148E-4
108	108	3.344798655071514E-5	0.9996950751869402	6.867207814621725E-5	1.1992950113421732E-4	8.287524722857107E-5
109	109	5.159737107750086E-5	0.9995296183611434	1.059345887203411E-4	1.8500506641197116E-4	1.2784461264681954E-4
110	110	1.2453502814311764E-4	0.9988646904016674	2.5568292942292786E-4	4.465268417964155E-4	3.085647989701569E-4
111	111	5.754494422763888E-5	0.9994753979784542	1.1814555417045394E-4	2.0633040029339328E-4	1.4258112285440213E-4
112	112	3.054842993185386E-5	0.9997215086692254	6.271899698188732E-5	1.0953298957489849E-4	7.56909142859285E-5
113	113	3.253958922194896E-5	0.9997033564891716	6.680704712994783E-5	1.1667239511064849E-4	8.062447936578438E-5
114	114	5.1156761014155965E-5	0.9995336351333038	1.0502997197588766E-4	1.834252360382789E-4	1.267528976679302E-4
115	115	3.9910100241767987E-5	0.9996361640531944	8.193944704176692E-5	1.4309974697444098E-4	9.88866525474867E-5
116	116	5.541570798911741E-5	0.9994948089215018	1.1377401816957087E-4	1.9869591265403737E-4	1.3730543968561282E-4
117	117	0.3305498907086653	0.6690763886829327	9.45354016217806E-5	1.6509742914555366E-4	1.1408777763468471E-4
118	118	1.866000814973581E-4	0.8737053145878063	3.8310872193301294E-4	6.690643292280318E-4	0.12505591227953516
119	119	4.369430669235944E-5	0.9996016657600677	8.970880322416108E-5	1.5666821666753276E-4	1.0826291334815407E-4
120	120	4.866342527492702E-5	0.9995563653485598	9.991090310549475E-5	1.7448525063998145E-4	1.2057507241979091E-4
121	121	4.9061964809326775E-5	0.9995527321076519	1.0072914482564015E-4	1.759142349368495E-4	1.2156254777630182E-4
122	122	3.7199064797636386E-4	0.9966087890336186	7.637341879685931E-4	0.0013337918792437962	9.216942511924792E-4
123	123	2.3863085227453947E-4	0.9978245486343469	4.899331237965123E-4	8.55623372878531E-4	5.912640167033983E-4
124	124	6.799526510298162E-5	0.9993801288018029	1.3960111325818738E-4	2.4380057110239093E-4	1.6847424873355643E-4
125	125	1.3898077702797473E-4	0.9987329973542685	2.8534150378277455E-4	4.983228282198209E-4	3.443575367009962E-4
126	126	7.478593095495335E-5	0.9993182224591798	1.5354303276190356E-4	2.681488578598407E-4	1.8529971924358148E-4
127	127	1.219988997550379E-4	0.998887810731301	2.504760029434825E-4	4.374334211226911E-4	3.022809448778689E-4
128	128	4.4671775988236565E-5	0.9995927547710052	9.171564593112715E-5	1.6017298383343715E-4	1.1068482324193277E-4
129	129	6.799526510298162E-5	0.9993801288018029	1.3960111325818738E-4	2.4380057110239093E-4	1.6847424873355643E-4
130	130	8.669031625130563E-5	0.8979136673302104	1.7798393224965778E-4	3.108326525252184E-4	0.10151082576876355
131	131	8.927406139812434E-5	0.9991861430450641	1.8328862072061297E-4	3.200968055721018E-4	2.211974672451547E-4
132	132	8.796321981782597E-5	0.9991980931851187	1.8059733120747378E-4	3.1539671468463364E-4	2.179495491715212E-4
133	133	1.1722440157500194E-4	0.9989313369077658	2.4067347830926376E-4	4.203142087590489E-4	2.904510035908834E-4
134	134	6.575623135792351E-5	0.9994005407014882	1.3500415194096392E-4	2.3577239877398045E-4	1.6292651643901458E-4
135	135	7.391899723594589E-4	0.9932612576306927	0.0015176313070385285	0.0026504042177268334	0.0018315168721825795
136	136	4.2758697725976746E-5	0.9996101951341375	8.778790398090423E-5	1.5331354189735357E-4	1.0594472225821607E-4
137	137	1.457431101727813E-4	0.9986713493035883	2.9922525339104455E-4	5.225695265772949E-4	3.611128062706027E-4
138	138	3.69557002174827E-5	0.9996630975092261	7.5873766853954E-5	1.3250659152317873E-4	9.156643217925934E-5
139	139	0.0014595802216869516	0.9866939008251293	0.002996664893188209	0.005233401047530134	0.0036164530124654817
140	140	0.38697752879145614	0.6103367855666393	6.793641160783406E-4	0.001186447268368446	8.198742574577746E-4
141	141	1.809633637629105E-4	0.9983502678170958	3.715359738944654E-4	6.488535836603814E-4	4.4837926158650625E-4
142	142	1.0677741077362446E-4	0.9990265757261717	2.1922475619807683E-4	3.8285597810402104E-4	2.645661287525725E-4
143	143	9.062456272426208E-5	0.9991738313513906	1.8606133567804347E-4	3.249390985477708E-4	2.2454365165946845E-4
144	144	1.328181490289854E-4	0.9987891782603359	2.7268900911344703E-4	4.7622640395601876E-4	3.29088177565744E-4
145	145	3.501184998022624E-5	0.9996808184016126	7.188284694626334E-5	1.2553681506502558E-4	8.675008639582378E-5
146	146	6.95746333094923E-5	0.9993657306689171	1.428437149237526E-4	2.494634782201893E-4	1.7238750462957446E-4
147	147	1.0135763988642409E-4	0.999075984458805	2.0809742184160987E-4	3.634231067777259E-4	2.511373726892471E-4
148	148	2.9937780050707636E-5	0.9997270755902887	6.146527140129164E-5	1.0734347256159503E-4	7.417788569769473E-5
149	149	6.233514758271525E-5	0.9994317286275248	1.2798032310751105E-4	2.2350592438165803E-4	1.5444997740339433E-4
150	150	5.6997441442658906E-5	0.9994803892261069	1.1702147592501431E-4	2.0436730048848623E-4	1.41224556037002E-4
151	151	4.3377920603152224E-5	0.9996045500583187	8.90592307839943E-5	1.5553379783526925E-4	1.074789924588362E-4
152	152	4.0724014114187546E-5	0.9996287440987821	8.361049402590567E-5	1.460180776350173E-4	1.0090331544279308E-4
153	153	3.502423875673164E-4	0.9968070546072294	7.1908282349588E-4	0.0012558123566964714	8.678078250107928E-4
154	154	3.7199064797636386E-4	0.9966087890336186	7.637341879685931E-4	0.0013337918792437962	9.216942511924792E-4
155	155	2.3120724392056487E-5	0.9997892225126208	4.746917097210168E-5	8.290056377524403E-5	5.728702823980198E-5
156	156	1.0871514056050573E-4	0.9990089106301837	2.2320311020599897E-4	3.8980380936798136E-4	2.6936730968184783E-4
157	157	3.7417345286244344E-5	0.9996588889738012	7.682157057869385E-5	1.341618440064249E-4	9.271026632746621E-5
158	158	1.6592668410931208E-4	0.9984873480184843	3.406641592736996E-4	5.949387841301676E-4	4.111223540025683E-4
159	159	9.201655131116149E-5	0.8916415042131477	1.8891922815157875E-4	0.10784956737687755	2.2799263051216328E-4
160	160	2.2102256929069626E-4	0.9979850725686953	4.537815490745554E-4	7.924879554183343E-4	5.476353575210582E-4
161	161	1.5721762459656113E-4	0.9985667431814734	3.2278358477236523E-4	5.63711996797879E-4	3.8954361235983277E-4
162	162	7.208622035265039E-5	0.9993428340676984	1.4800025555549633E-4	2.5846890462109996E-4	1.786105517724032E-4
163	163	0.9999577357241951	2.13791768809814E-5	5.283040780478965E-6	9.226347336183962E-6	6.375710807361594E-6
164	164	0.9999045725658903	4.8271500085432706E-5	1.1928443499295668E-5	2.0831935144473696E-5	1.439555538062051E-5
165	165	1.1862489657162128E-6	9.85582706120535E-6	2.43548835296908E-6	4.253357566489601E-6	0.9999822690780537
166	166	0.9998863928558267	5.746761736625356E-5	1.4200909969221507E-5	2.480058990838161E-5	1.713802692943174E-5
167	167	8.556839839939652E-6	7.109362038681242E-5	1.7568052213906347E-5	3.068099575241599E-5	0.9998721004918069
168	168	1.1275293443238234E-6	9.367961149184575E-6	2.314931068516087E-6	4.042815299925912E-6	0.999983146763138
169	169	0.9999405142464406	3.0090577042236346E-5	7.43572806882457E-6	1.2985818719000715E-5	8.973629729337185E-6
