0	0	1.112324465985413E-4	1.2437171199385232E-4	1.6029278427901402E-4	0.9993362969808021	1.246719302118484E-4	1.43134146114689E-4
1	1	2.1539506227353102E-5	0.3441377511903529	3.103975081694253E-5	5.863341141278326E-5	0.6557233190592965	2.7717081893482717E-5
2	2	7.103763014456292E-5	7.942890718706212E-5	1.0236958614739427E-4	0.9995761318657875	7.962063892887697E-5	9.14113718045868E-5
3	3	4.459769833659919E-5	4.9865774445538085E-5	6.426802122414866E-5	0.9997338939496485	4.998614437293583E-5	5.738841197235091E-5
4	4	7.352858611682857E-5	8.2214105825101E-5	1.0595920662703707E-4	0.9995612688015465	8.241256069839384E-5	9.461673918615984E-5
5	5	3.846245147378729E-5	4.300580526238399E-5	5.5426753842620963E-5	0.9997705018099527	4.3109616056754957E-5	4.949356341183276E-5
6	6	2.795193474323834E-5	3.1253740107902854E-5	4.028045397715577E-5	0.9998332160799406	3.13291828433166E-5	3.596860838786401E-5
7	7	5.5643112627235774E-5	6.221592161047375E-5	8.018514131188183E-5	0.6193209936854231	6.23661032942139E-5	0.38041859603573314
8	8	0.6481005529015637	2.463275670931044E-4	3.1747196320640065E-4	0.35080523741154485	2.46922171943761E-4	2.8348798464817356E-4
9	9	9.523496439009155E-5	1.0648453688714041E-4	1.3723943030666662E-4	0.9994317509384016	1.0674157763536116E-4	1.2254855237911605E-4
10	10	5.690138416456112E-5	6.362282571117293E-5	8.19983878443874E-5	0.9996604801780288	6.37764034906589E-5	7.322082076045201E-5
11	11	5.742077224300046E-5	6.420356619185158E-5	8.27468579514493E-5	0.9996573810873737	6.435854580837454E-5	7.388917043163993E-5
12	12	6.652991172642473E-5	7.438871726052481E-5	9.587368717110906E-5	0.9996030285709784	7.456828259557523E-5	8.561083026804805E-5
13	13	1.244338939841615E-4	1.391325723574855E-4	1.793168804187974E-4	0.9992575264353762	1.3946842150090196E-4	1.6012179636244975E-4
14	14	7.396082925560127E-5	8.269740742288732E-5	1.0658209552607784E-4	0.9995586896883021	8.289702892757983E-5	9.517295056578955E-5
15	15	1.5903848534236752E-4	1.7782481011434327E-4	2.2918422099491568E-4	0.9990510473686571	1.7825405762370182E-4	2.046510572675993E-4
16	16	5.988038208735475E-5	6.695371595960187E-5	8.629130673638498E-5	0.9996427050595629	6.711533410388376E-5	7.705420154992113E-5
17	17	5.715989836259995E-5	6.39118767423064E-5	8.237092267434449E-5	0.999658937672591	6.406615225589995E-5	7.355347737393421E-5
18	18	8.730473768384188E-5	0.11806361781538958	1.2581148677417918E-4	0.8815130688462812	9.785319388835959E-5	1.1234391998267434E-4
19	19	1.3809154118365482E-4	1.5440352086174412E-4	1.9899838849717828E-4	0.9882002082249131	0.011130601839054654	1.7769648548972083E-4
20	20	1.3368948380453638E-4	1.4948147312047552E-4	1.926547535648138E-4	0.9992023000774556	1.4984230325430754E-4	1.7203190880031225E-4
21	21	4.9904645948505305E-5	5.579960203036714E-5	7.191565853455958E-5	0.9997022283946736	5.593429549737735E-5	6.421740331556148E-5
22	22	3.408590805602548E-5	3.811228530370674E-5	4.91198860949126E-5	0.9997966158186691	3.820428373481464E-5	4.3861818141533056E-5
23	23	1.2321525992789378E-4	1.3776998789129052E-4	1.775607539299016E-4	0.9992647977948327	1.3810254792117986E-4	1.5855365549704464E-4
24	24	5.639130789936249E-5	6.30524969960351E-5	8.126333663187184E-5	0.9996635237068514	6.320469807122244E-5	7.256445355011743E-5
25	25	1.3368948380453638E-4	1.4948147312047552E-4	1.926547535648138E-4	0.9992023000774556	1.4984230325430754E-4	1.7203190880031225E-4
26	26	8.32604261447387E-5	9.309551356298812E-5	1.1998338555984255E-4	0.9995032007485063	9.332023483390454E-5	1.0713969139224693E-4
27	27	1.3718567738758839E-5	1.5339065245333218E-5	1.9769298315467862E-5	0.9999181438950079	1.537609188716241E-5	1.7653081805264516E-5
28	28	0.1890316547961031	2.4849616860330335E-5	3.202669008050617E-5	0.8108579609224906	2.490960081948065E-5	2.859837364590089E-5
29	29	5.010660050637439E-4	0.4784704613919812	0.5184581247487161	0.001363968556649338	5.616065089379771E-4	6.447727886517417E-4
30	30	1.6750819252570197E-4	0.2398379823312624	2.4138958901441626E-4	4.559796619153104E-4	0.7590815903310062	2.1554989427604394E-4
31	31	1.8775184821652417E-5	0.3208641655935651	2.7056193965396563E-5	5.110855951753492E-5	0.6790147345208327	2.4159947297499524E-5
32	32	0.07146263699662563	0.2998663315471575	1.2940329600959335E-4	0.1073036996762894	0.5211223772420945	1.155512418233317E-4
33	33	2.4957734044519584E-5	0.21823454434120762	0.07343274402811431	0.03379078241411855	0.6744848558178806	3.211566463437532E-5
34	34	9.596134268939879E-5	0.305196211890945	1.3828618602944635E-4	0.16043290005106284	0.5340131572717717	1.2348325750164948E-4
35	35	3.942669661851443E-5	0.4199628763139267	5.681629029266126E-5	1.0732473154582732E-4	0.535910708976622	0.043922846990994385
36	36	8.552433237529714E-5	0.6662668827071809	1.2324581342275335E-4	2.3280864997714658E-4	0.33318148560635485	1.1005289068888954E-4
37	37	1.0474979287436715E-4	0.391427308608039	1.5095088228242318E-4	2.851429199991158E-4	0.6078970555431306	1.3479225367465483E-4
38	38	3.2169893365763735E-4	3.596994253844073E-4	4.6358791299164627E-4	8.757074432954552E-4	0.997565343420568	4.1396286410278204E-4
39	39	3.9059491813308245E-5	0.6426826396625427	5.62871256250929E-5	1.0632515104527417E-4	0.3570654267327979	5.026183617582028E-5
40	40	7.761075287832254E-5	0.7033159356834783	1.11841859540829E-4	2.1126683014635383E-4	0.29618347519399973	9.986967995633854E-5
41	41	6.256515261152386E-4	0.9952633046616379	9.01602258838933E-4	0.0017031069767590697	7.012448776056892E-4	8.050896990431846E-4
42	42	5.498612419736704E-6	6.14813268201799E-6	7.923838065091352E-6	1.4967957055414846E-5	6.162973528125264E-6	0.9999592984862496
43	43	0.9999493547874659	7.364813910834596E-6	9.491921503201988E-6	1.7930032424464765E-5	7.3825916777619566E-6	8.47585301771033E-6
44	44	1.3659232761650464E-4	1.5272721359985456E-4	1.9683792970789433E-4	3.71822550453719E-4	0.9989662526843023	1.757672943198809E-4
45	45	6.796754678383336E-5	0.5294928853954914	9.794540754745626E-5	1.8501673581696658E-4	0.4700687241322781	8.746078208210286E-5
46	46	7.713493240894366E-5	8.624644958907352E-5	1.1115617303310556E-4	2.0997158330804484E-4	0.9994162334684847	9.925739317607698E-5
47	47	2.032181704963745E-5	0.31337610587605136	2.928498595604785E-5	5.531869891304974E-5	0.68649281846513	2.6150156899784762E-5
48	48	5.444308483247881E-4	6.087414125916313E-4	7.845582758809E-4	0.0014820134490873445	0.9958796812539943	7.005747601211734E-4
49	49	7.439818439104588E-5	0.7510766888031298	0.24846726825574791	2.025217898553637E-4	8.33872268023127E-5	9.573574007348305E-5
50	50	1.5640546170482586E-6	1.748807621540997E-6	2.2538987228785828E-6	4.257565464383585E-6	0.999988163044805	2.0126287691569595E-6
51	51	5.73679853078622E-6	6.414454383196634E-6	0.7692357675684653	1.5616331446850157E-5	0.23072908272276463	7.382124409253588E-6
52	52	6.652991172642473E-5	0.40195833750296306	9.587368717110906E-5	1.811033012705685E-4	0.5976125447666008	8.561083026804805E-5
53	53	2.461592040170733E-5	0.8022042488800224	0.001992001650602923	6.700782148779062E-5	0.19568044990936498	3.167581812024745E-5
54	54	0.9996570907594489	4.9865774445538085E-5	6.426802122414866E-5	1.2140088853626224E-4	4.998614437293583E-5	5.738841197235091E-5
55	55	5.4204744375830416E-5	6.0607646980405215E-5	0.9996071303327799	1.475525503679743E-4	6.0753946484381585E-5	6.975077901146538E-5
56	56	0.5149487331003332	3.852982912729162E-5	0.4355356661517855	0.049394105731617184	3.862283545851315E-5	4.434235167842959E-5
57	57	3.0455440563938062E-5	3.405297103762226E-5	0.9997792625177524	8.290377492847412E-5	3.413517077676304E-5	3.9190124940784175E-5
58	58	2.5411410833940026E-5	2.8413118350286233E-5	0.9998158210571255	6.91732526400053E-5	2.848170416953793E-5	3.269945688071615E-5
59	59	1.0697497345067366E-5	1.1961132740859499E-5	0.9999224657865204	2.912001585830082E-5	1.1990005463596105E-5	1.376556207179974E-5
60	60	1.7970659686638292E-5	2.0093432979612446E-5	0.38853665149380934	4.891853469824244E-5	0.6113532411961636	2.3124682662499023E-5
61	61	8.028429265158548E-6	8.976782610321626E-6	1.1569459448680853E-5	2.1854456231902068E-5	0.9999392398727882	1.0330999655686067E-5
62	62	4.988453999416553E-6	5.577712107234657E-6	7.1886684620020604E-6	1.357923773062637E-5	0.9999622467746077	6.419153093125053E-6
63	63	7.666415742580814E-6	8.572006459614279E-6	0.8646700825492653	2.0869007095684818E-5	0.13528294486154308	9.865159893811996E-6
64	64	8.552339486740266E-6	9.562579409562856E-6	0.7898924405875065	2.3280609795550315E-5	0.21005515871537145	1.100516843017601E-5
65	65	2.391409134742689E-5	2.673892890616196E-5	0.9998266734541834	6.509734910988567E-5	2.680347343528872E-5	3.077270301782168E-5
66	66	6.28727655651062E-5	7.02995729235621E-5	0.8146453706538493	1.7114806120099976E-4	0.1849694041395613	8.090480689964894E-5
67	67	0.04565623694905119	5.346674805193997E-5	0.387740467999634	1.3016765091534193E-4	0.5663581280320655	6.153262028202943E-5
68	68	6.350749356055141E-5	7.100927777909643E-5	0.7572492355412116	1.7287587553895748E-4	0.24236165023569126	8.17215762185064E-5
69	69	3.152375981196493E-5	3.524748484987917E-5	0.779280551851302	0.2205767794956409	3.533256800038688E-5	4.0564840394954697E-5
70	70	2.0191362784746306E-5	2.2576455286391116E-5	0.9998536553567533	5.496358498874811E-5	2.2630952109391218E-5	2.5982288077483248E-5
71	71	4.5732461379629646E-5	5.113458068584694E-5	0.9996685364521085	1.2448986502698297E-4	5.1258013357516214E-5	5.88486274416095E-5
72	72	1.3541384269125998E-5	1.5140952085647165E-5	0.9999018536256785	3.686145571628661E-5	1.5177500506353489E-5	1.742508174406774E-5
73	73	1.6086531652480762E-5	1.7986743462393317E-5	0.964082784826669	0.03584441155419075	1.8030161278094844E-5	2.0700182747350867E-5
74	74	2.3208282670240424E-5	2.5949747006400098E-5	0.9998317890731817	6.317604366716235E-5	2.601238654620233E-5	2.9864466928274515E-5
75	75	1.9030780467420945E-5	0.05144998959436221	0.9484333563075943	5.180432498659803E-5	2.1330144277725757E-5	2.4488848311784964E-5
76	76	2.5411410833940026E-5	2.8413118350286233E-5	0.9190255825396251	0.08085941177014047	2.848170416953793E-5	3.269945688071615E-5
77	77	2.0965224028188334E-5	2.3441728420586823E-5	0.9998480465006894	5.70701386016403E-5	2.3498313907916324E-5	2.6978094352347463E-5
78	78	1.4262887881785298E-5	1.5947682875630196E-5	0.36392102835467005	0.6360144213818163	1.5986178646552164E-5	1.8353514109575077E-5
79	79	9.044167950138292E-6	1.011250481236273E-5	0.9999344489252044	2.4619432530600416E-5	1.0136915171644383E-5	1.1638054330793243E-5
80	80	0.9999619458173161	5.533829556119748E-6	7.1321117403270975E-6	1.3472403318530626E-5	5.5471875490379E-6	6.368650519971785E-6
81	81	9.744785571875615E-5	1.0895882466394074E-4	0.9992937093037079	2.6526607227400243E-4	1.0922183804255511E-4	1.2539610559275866E-4
82	82	3.363034725740524E-5	3.7602911661623895E-5	0.9997562511642173	9.154629478897403E-5	3.7693680526581505E-5	4.3275601548193387E-5
83	83	9.898114778956615E-5	1.10673235932098E-4	0.9992825961815534	2.694398979808144E-4	1.1094038769143888E-4	1.2736914905274755E-4
84	84	1.9841099850792235E-5	0.17507086588626586	0.6671059984770136	5.401012252343414E-5	0.15772375284534848	2.553156899775207E-5
85	85	2.2422415539625072E-5	0.04992622049781283	0.9499363354985001	6.103680842663308E-5	2.5131568268263385E-5	2.8853211452557015E-5
86	86	0.9999183721781078	1.1870297074551841E-5	1.529867956141828E-5	2.8898871582028183E-5	1.189895053101453E-5	1.3661023143089421E-5
87	87	2.620533660703261E-5	2.9300826124546966E-5	0.5186696458237043	7.13344245811631E-5	2.9371554762626334E-5	0.4811741420342203
88	88	7.267908146385915E-5	8.126425394943493E-5	0.9994732304915859	1.9784216219228122E-4	8.146041599558162E-5	9.352359481289899E-5
89	89	2.3511880407798998E-5	0.19437909945598547	0.8054767783832353	6.40024772382187E-5	2.635266599798842E-5	3.025513713518487E-5
90	90	1.10352806592609E-5	1.2338816504490372E-5	0.9999200175724431	3.0039507132633378E-5	1.2368600909993625E-5	1.4200222350588531E-5
91	91	4.0310960109691164E-5	4.5072667861500815E-5	0.9997078308611916	1.0973181481543487E-4	4.518146781133489E-5	5.187222821042939E-5
92	92	6.47156319652339E-6	7.236012680121849E-6	9.325919865381562E-6	1.7616458955949412E-5	0.29474376562216953	0.7052155844231325
93	93	1.2015389500216449E-5	1.3434700108758323E-5	1.731491391300371E-5	3.27074942394165E-5	1.346712984427698E-5	0.9999110603723944
94	94	1.0679336895659746E-5	1.1940827099363044E-5	0.9999225974113403	2.9070580690645686E-5	1.1969650806745534E-5	1.3742193167325307E-5
95	95	7.872694420106766E-6	8.802651681006604E-6	1.1345035976160216E-5	2.1430525193518686E-5	0.9999404184929995	1.0130599729689272E-5
96	96	8.460323768722622E-6	0.09078960493740673	0.31337180431442835	0.5958097611330406	9.482528944730243E-6	1.0886762410796426E-5
97	97	2.852328377593031E-4	3.1892579399089166E-4	0.9979326656487159	7.764418621416115E-4	3.1969564215017136E-4	3.6703821524215996E-4
98	98	1.0056346233381487E-4	1.1244246042368233E-4	1.4491812296823408E-4	0.9993999567966635	1.1271388287621849E-4	1.2940527473461188E-4
99	99	0.48266361614355685	2.3403358822835513E-4	3.016272339628615E-4	0.5162967851533039	2.345985169061289E-4	2.6933936404186637E-4
100	100	1.1222462501220444E-4	1.2548109088179494E-4	1.617225742844573E-4	0.9993303768394326	1.2578398700578334E-4	1.444108833831378E-4
101	101	7.528859774075417E-5	8.418201775629085E-5	1.0849549142692714E-4	0.9995507671443022	8.438522293014387E-5	9.688152584370533E-5
102	102	9.176200701333283E-5	1.0260133852337427E-4	1.3223468551657678E-4	0.9994524734197188	1.0284900570204125E-4	1.1807954352588826E-4
103	103	8.32604261447387E-5	9.309551356298812E-5	1.1998338555984255E-4	0.9995032007485063	9.332023483390454E-5	1.0713969139224693E-4
104	104	7.809248015025499E-5	8.731710707746414E-5	1.1253605811365982E-4	0.9995340369070597	8.752787997643867E-5	1.0048956762254327E-4
105	105	8.85334359578518E-5	9.899139446709347E-5	1.275821164186992E-4	0.9994717376939728	9.923034767894061E-5	1.1392501150462694E-4
106	106	6.985438825991331E-5	7.810589557132523E-5	1.0066446195057992E-4	0.49433448895809284	7.829443372367108E-5	0.5053385918624016
107	107	1.5705321712769775E-4	1.7560503329403646E-4	2.2632332761891565E-4	0.3125010739688915	1.7602892253156086E-4	0.6867639155305364
108	108	7.02443980512832E-5	7.854197503312208E-5	1.0122649000324326E-4	0.9995808649320046	7.873156582836257E-5	9.039063907943025E-5
109	109	1.0835845386691994E-4	1.2115823061121477E-4	1.561511843139254E-4	0.2242218667267912	1.2145069187516726E-4	0.7752710147125417
110	110	2.6151744608066233E-4	2.924090360315645E-4	3.768626947593906E-4	0.4164317559616148	2.9311487595541863E-4	0.5823443399855581
111	111	0.48999053840829637	1.3512334705658355E-4	1.7414970955670293E-4	3.289649980785727E-4	1.3544951841671564E-4	0.5092357740185951
112	112	0.035758532285365276	7.173345833334818E-5	9.24515356255881E-5	0.2449360820224642	7.19066141956121E-5	0.719069294084016
113	113	0.9994745627608751	7.640894952078674E-5	9.847740347199648E-5	1.8602166450010747E-4	7.659339145132169E-5	8.793583018073102E-5
114	114	1.0743317777021599E-4	1.2012365683590801E-4	1.5481780465445615E-4	2.924474519097569E-4	1.2041362076433116E-4	0.9992047642880654
115	115	0.9993555503890162	9.37156983322315E-5	1.2078269226581098E-4	2.2815586790404747E-4	9.394191665391025E-5	1.0785343582782546E-4
116	116	0.8141072571811809	1.3012383922846849E-4	1.6770624249376744E-4	3.167934295162504E-4	1.3043794238348425E-4	0.18514768136519716
117	117	9.669888665006081E-5	1.081213840775597E-4	1.3934903215571538E-4	2.6322727848380426E-4	1.0838237597623712E-4	0.9992842210426566
118	118	3.9183098825674306E-4	4.381157864630953E-4	5.646525091833649E-4	0.0010666162583411406	4.3917334479834125E-4	0.9970996111129572
119	119	9.176200701333283E-5	1.0260133852337427E-4	1.3223468551657678E-4	0.16070569405135007	1.0284900570204125E-4	0.8388648589118946
120	120	0.21129660670909745	1.142691695801604E-4	1.4727242276893403E-4	0.040892503913491106	1.1454500148689612E-4	0.7474348027835755
121	121	1.0303412050048515E-4	1.1520496359013164E-4	1.484784930639005E-4	2.804726307600977E-4	1.1548305439003189E-4	0.9992373267376954
122	122	7.810029754807258E-4	8.732584790066493E-4	0.0011254732346383698	0.0021259943609021423	8.75366418989258E-4	0.9942189045309829
123	123	5.010660050637439E-4	5.60254123480867E-4	7.220668745074903E-4	0.001363968556649338	5.616065089379771E-4	0.9962910379313606
124	124	1.4279336644747517E-4	1.5966074638756433E-4	2.0577400735460847E-4	3.8870260597241135E-4	1.6004614805162413E-4	0.9989430231257864
125	125	2.918493383737113E-4	3.2632386473361615E-4	4.2057281367506805E-4	0.13997549526149872	3.2711157093777903E-4	0.858658647150781
126	126	1.5705321712769775E-4	1.7560503329403646E-4	2.2632332761891565E-4	4.275198231728956E-4	1.7602892253156086E-4	0.998837469676255
127	127	2.5619223592282666E-4	2.864547886486272E-4	3.691887399991294E-4	0.3265011314441939	2.871462557419546E-4	0.6722998865354934
128	128	0.522056049363056	1.0489651097770991E-4	1.3519275031449596E-4	0.21649687336805362	1.0514971842412097E-4	0.2611018382891739
129	129	0.6697654899911988	1.5966074638756433E-4	2.0577400735460847E-4	3.8870260597241135E-4	1.6004614805162413E-4	0.32932032650103504
130	130	0.7815527914143159	2.0355575521223106E-4	2.6234678477850943E-4	4.955673470272539E-4	2.0404711410014026E-4	0.21728169158456603
131	131	0.6111309404214972	2.096221482938049E-4	2.7016527518913016E-4	5.103363046640724E-4	2.1012815071834649E-4	0.3876688076996375
132	132	1.8472400615308804E-4	0.3378989517128654	2.661986333566855E-4	5.028434048704975E-4	2.0704299067240742E-4	0.6609402392520819
133	133	0.35243242654004503	2.752452952542013E-4	3.547417176196469E-4	6.700993573413921E-4	2.759097039909493E-4	0.6459915773857486
134	134	1.3809154118365482E-4	1.5440352086174412E-4	1.9899838849717828E-4	0.5601430095584179	1.5477623222144403E-4	0.4392107207588181
135	135	0.001551477482433606	0.0017347448205163362	0.0022357742997692817	0.004223328824951321	0.0017389322839703979	0.9885157422883591
136	136	8.979721250588327E-5	1.0040445385455476E-4	1.2940329600959335E-4	0.9994641969777864	1.0064681802026291E-4	1.155512418233317E-4
137	137	3.0604803313246987E-4	3.4219977171243555E-4	4.410340045020897E-4	0.9981738691378178	3.4302580042921683E-4	3.938232524058371E-4
138	138	7.761075287832254E-5	8.677847606325471E-5	1.11841859540829E-4	0.999536911282789	8.698794877233355E-5	9.986967995633854E-5
139	139	0.0030616813503592678	0.0034233406058050806	0.004412070787182113	0.00833430536130358	0.003431604134543185	0.9773369977608066
140	140	6.947487147066479E-4	0.38731812478560035	0.0010011755495815495	0.6093132562193194	7.786906242140902E-4	8.940041065779974E-4
141	141	3.799965260473458E-4	4.248833855718199E-4	5.475983226038355E-4	0.9977326324347371	4.2590900249730545E-4	4.889803285424479E-4
142	142	0.07151363579239248	2.507177035282606E-4	3.231300600619839E-4	0.9273726531312824	2.513229056354491E-4	2.8854040709938274E-4
143	143	1.9031244687692608E-4	2.1279298941656802E-4	2.742519195226842E-4	0.998864441541603	2.1330664586674102E-4	2.4489445671406414E-4
144	144	2.7890969118855277E-4	3.118557295605856E-4	4.019259876964658E-4	0.9983357985031694	3.1260851144241075E-4	3.5890157694246593E-4
145	145	7.352858611682857E-5	8.2214105825101E-5	1.0595920662703707E-4	0.9995612688015465	8.241256069839384E-5	9.461673918615984E-5
146	146	1.4610992654984643E-4	1.6336907314361564E-4	2.1055337407083742E-4	0.9991281896393422	1.6376342625839204E-4	1.8801456063510208E-4
147	147	2.1285013033347795E-4	2.3799292308325802E-4	3.0673010500653343E-4	0.9987299634372974	2.3856740911483461E-4	2.738959951644376E-4
148	148	6.28727655651062E-5	7.02995729235621E-5	9.060351503483652E-5	0.9996248500720164	7.046926756047473E-5	8.090480689964894E-5
149	149	1.3090745424169792E-4	1.4637081800024317E-4	1.886456781717014E-4	0.9992188999228857	1.467241393901492E-4	1.684519873104983E-4
150	150	1.1969848537184634E-4	1.3383779647046663E-4	1.724928658944529E-4	0.9992857817249904	1.3416086466750866E-4	1.5402826260539612E-4
151	151	0.6227862236276829	1.018584390649636E-4	1.3127722163094736E-4	0.3767613118267049	1.0210431297450227E-4	1.1722457194172342E-4
152	152	0.9993424081296277	9.562684234607536E-5	1.2324581342275335E-4	2.3280864997714658E-4	9.585767393745162E-5	1.1005289068888954E-4
153	153	0.9943458947350439	8.222185479178015E-4	0.0010596919365241748	0.0020017349253691977	8.242032837013808E-4	9.462565714436038E-4
154	154	0.9939949112357988	8.732584790066493E-4	0.0011254732346383698	0.0021259943609021423	8.75366418989258E-4	0.0010049962706648859
155	155	4.8556440787232114E-5	5.429214095085248E-5	6.997281212878207E-5	1.3217711396757909E-4	5.4423195589774415E-5	0.9996405782965757
156	156	2.2829943240903577E-4	2.552671646108421E-4	3.289934977537643E-4	6.214615323328535E-4	2.558833485649246E-4	0.9983100950243284
157	157	7.858022490166937E-5	8.786246638227528E-5	1.1323892824384639E-4	2.139058624156216E-4	8.80745557124224E-5	0.9994183379623441
158	158	0.9973209715866961	3.8958362969818307E-4	5.021032814675166E-4	9.484621332051435E-4	3.905240372972536E-4	4.4835533163575797E-4
159	159	0.9985142235635054	2.1606123106988312E-4	2.784640956349856E-4	5.260125952474704E-4	2.1658277665874697E-4	2.4865573788358634E-4
160	160	4.6409967631369064E-4	5.189211695329495E-4	6.687961253590389E-4	0.9972308048074328	5.201737822557312E-4	5.972044391059435E-4
161	161	0.6038570574781165	3.691380464832452E-4	4.757525992489373E-4	0.3945031974010726	3.700291009258763E-4	4.2482537415288916E-4
162	162	0.9988360163067996	1.6926621227853107E-4	2.18153726563075E-4	4.1208762519519943E-4	1.6967480037145463E-4	1.948013287921357E-4
163	163	5.404138979437162E-6	0.9999590862343603	7.7876960377503E-6	1.471078773898782E-5	6.057085484518641E-6	6.95405739926419E-6
164	164	1.2201835523350521E-5	0.9999076220946798	1.7583594078547258E-5	3.321502520439353E-5	1.3676102911895835E-5	1.570134760201849E-5
165	165	2.4913176181735837E-6	0.9999811386817489	3.5901416335981424E-6	6.781699140381711E-6	2.792327110716978E-6	3.2058327482876122E-6
166	166	1.4526372179919926E-5	0.9998900234451353	2.093339410753472E-5	3.954272430251155E-5	1.6281498016335665E-5	1.8692566258308652E-5
167	167	1.7970659686638292E-5	0.9612985415685655	2.589682385480911E-5	4.891853469824244E-5	2.0141936088123657E-5	0.03858853047710652
168	168	2.3679968855853706E-6	0.9999820723208671	3.4124288870895924E-6	6.446003643314641E-6	2.6541063465688903E-6	3.047143370349545E-6
169	169	7.606163736567936E-6	0.9999424151004033	1.0960948898453268E-5	2.0704993091848824E-5	8.525166383940038E-6	9.787627485813489E-6
