0	0	1.7811858091056286E-5	2.2134403976304874E-5	0.9997698691227551	8.654847543050289E-6	4.287941672199195E-6	4.300987886744461E-6	1.7626530817024918E-5	5.130243217037594E-5	9.10580218477703E-5	4.310680933095158E-6	8.643172307230353E-6
1	1	6.717327742522206E-7	8.347475324255139E-7	6.707216372753898E-7	3.263974326037547E-7	1.61709740812743E-7	0.9999908126296609	6.647435874254853E-7	1.9347518328251713E-6	3.4340413740683886E-6	1.6256729911620601E-7	3.259571282566573E-7
2	2	4.147028448257481E-4	0.9947432638371566	4.140786064427586E-4	2.0150564187563906E-4	9.983358281979379E-5	1.001373300346251E-4	4.103879806845837E-4	0.0011944438619920091	0.0021200494923904988	1.0036300743875174E-4	2.0123381433896168E-4
3	3	1.199836554934272E-4	1.491010476093354E-4	1.1980304809218824E-4	5.830050074758365E-5	2.8884292348555778E-5	2.8972173831974876E-5	1.1873525997583206E-4	3.4558176446488134E-4	0.9989433789352165	2.903746781355043E-5	5.822185440618219E-5
4	4	1.3427182321667623E-5	1.668566391288072E-5	0.08333116635200924	6.524317414426569E-6	3.2323957625849582E-6	3.2422304412811034E-6	0.14013861007195882	3.867351214989238E-5	0.7764386732204152	3.2495373881441333E-6	6.5155162259598E-6
5	5	6.160693187116115E-5	7.655757814855272E-5	6.151419700808501E-5	0.12166467641372872	1.4830958629708175E-5	1.487608234709678E-5	6.096592941724808E-5	1.7744277028190641E-4	0.877822724876712	1.4909608262422324E-5	2.9894653593137283E-5
6	6	1.6641396804985248E-5	2.0679897500221372E-5	1.6616347064522058E-5	8.086116087061766E-6	4.006170410684376E-6	4.018359326177688E-6	0.24643825087872698	4.7931222360049555E-5	0.753431666988241	4.02741541845882E-6	8.075208059888067E-6
7	7	6.877756756556035E-5	8.546836928642055E-5	6.867403898335081E-5	3.3419273756770934E-5	1.6557183229802662E-5	1.6607559046731744E-5	6.806195670417394E-5	1.9809592445873585E-4	0.9993943189480644	1.6644987154843378E-5	3.337419174924851E-5
8	8	2.9049223149310627E-5	3.609883017805573E-5	0.9955279777227561	1.4115124672342428E-5	6.993171282309256E-6	7.014448253843714E-6	2.8746974315333344E-5	0.004180372333714316	1.4850583148980263E-4	7.0302565690121005E-6	1.409608361952692E-5
9	9	5.327533422752299E-5	6.620408515138387E-5	5.319514064094321E-5	2.5886681399948018E-5	1.2825249593092217E-5	1.2864270869634501E-5	5.272101965713831E-5	0.1729575442517282	0.8267267389431987	1.2893262807554527E-5	2.585176072590534E-5
10	10	6.811687179447709E-5	8.46473371948873E-5	6.801433773561103E-5	3.3098239244715456E-5	1.639813048443545E-5	1.6448022377748328E-5	6.740813528306545E-5	1.9619296184764966E-4	0.999400137282789	1.648509094140929E-5	3.305359030705543E-5
11	11	2.2801205839583004E-4	0.9971097395451016	2.2766883943697549E-4	1.1079190016587209E-4	5.489053426999406E-5	5.5057540666380825E-5	2.2563965833443512E-4	6.567295281649179E-4	0.0011656463289131964	5.51816226930425E-5	1.1064244385772326E-4
12	12	2.7262256973341295E-5	3.3878206645760775E-5	2.7221220005734204E-5	1.3246831216458233E-5	6.562985577169555E-6	6.582953693446036E-6	2.6978601009826245E-5	7.852185224226985E-5	0.9997599183416016	6.597789558357843E-6	1.322896147611333E-5
13	13	5.4503832351009565E-5	6.77307127278206E-5	5.4421789547112666E-5	2.6483613169297702E-5	1.3120992365743299E-5	1.316091345015546E-5	5.3936735610049836E-5	1.5698413651842597E-4	0.9995200188130904	1.319057392524841E-5	2.6447887244886267E-5
14	14	4.4046287349133967E-4	5.473535174478374E-4	4.397998593949916E-4	2.1402253481659774E-4	1.060349291267071E-4	1.0635754415751501E-4	4.358799836412819E-4	0.0012686389356652622	0.9961211187601172	1.0659723992797797E-4	2.1373382221336182E-4
15	15	4.04707650424528E-6	5.02921288784333E-6	4.040984574748374E-6	1.966489400501767E-6	0.999944644681259	9.772381372287716E-7	4.004967834139449E-6	1.1656552998904621E-5	2.068951924382363E-5	9.794405183582372E-7	1.9638366411811596E-6
16	16	0.9999437355189025	5.412250107887526E-6	4.348755896478375E-6	2.1162620687129917E-6	1.0484769683800526E-6	1.051666996724874E-6	4.309996032341862E-6	1.2544344738003767E-5	2.2265283903609888E-5	1.054037116616671E-6	2.113407268719565E-6
17	17	8.852675391491459E-5	0.5369477202377747	8.839349754012801E-5	4.30154762460989E-5	2.1311508056921335E-5	2.1376349075677814E-5	0.24977956379300664	2.5497832762680285E-4	0.12529854673602034	2.1424524506033665E-5	0.08743514279623182
18	18	5.097731119177839E-5	6.334838250879622E-5	5.090057674275169E-5	2.4770063530935587E-5	1.2272034499626435E-5	1.2309372599635363E-5	5.04469068918831E-5	0.13674048797162788	0.8629574136172772	1.2337113974942183E-5	2.473664915459216E-5
19	19	5.097731119177839E-5	0.9993538161636221	5.090057674275169E-5	2.4770063530935587E-5	1.2272034499626435E-5	1.2309372599635363E-5	5.04469068918831E-5	1.4682690802244464E-4	2.6060689976933606E-4	1.2337113974942183E-5	2.473664915459216E-5
20	20	1.6602432984679585E-5	2.063147801839658E-5	0.9997854950085706	8.067183423062515E-6	3.996790446620962E-6	4.008950823241091E-6	1.6429689431951414E-5	4.78189971930787E-5	8.487518246084587E-5	4.017985711776141E-6	8.056300935716732E-6
21	21	4.696351213793008E-4	5.836052277606016E-4	4.689281952696232E-4	2.2819743766321038E-4	1.1305771679720416E-4	1.134016989084575E-4	4.647487026581502E-4	0.0013526620207852248	0.9958642170054678	1.1365726994299938E-4	2.2788960336746217E-4
22	22	5.4503832351009565E-5	6.77307127278206E-5	5.4421789547112666E-5	2.6483613169297702E-5	1.3120992365743299E-5	1.316091345015546E-5	5.3936735610049836E-5	0.3998535375701795	0.5998234653794292	1.319057392524841E-5	2.6447887244886267E-5
23	23	9.469529917395172E-7	0.9999879965085885	9.455275749339515E-7	4.6012795139301806E-7	2.2796494190195852E-7	2.2865853331905604E-7	9.371002174978983E-7	2.727452205092781E-6	4.841025892403959E-6	2.2917385626818005E-7	4.595072469481234E-7
24	24	3.874587464068053E-6	4.8148645544325156E-6	3.868755176579555E-6	1.8826763396773837E-6	9.327496864631013E-7	9.355876104501563E-7	3.834273492946062E-6	1.1159743107505991E-5	0.9999658789298004	9.37696124659457E-7	1.8801366426891917E-6
25	25	4.69287803009046E-5	5.831736228670351E-5	4.685813997061457E-5	2.280286743860672E-5	1.1297410503105812E-5	1.1331783275054892E-5	4.644049980359082E-5	1.351661660405054E-4	0.9995867275621283	1.1357321477768662E-5	2.277210677489864E-5
26	26	1.860640709244664E-5	2.3121772530772223E-5	1.8578399487431265E-5	9.040921833411345E-6	4.4792176051338215E-6	4.492845783485776E-6	1.841281276397552E-5	5.359092425477765E-5	0.9998361450016424	4.502971215961435E-6	9.02872579022172E-6
27	27	1.2230269052074396E-7	1.519828613913352E-7	1.2211859235330068E-7	5.942732842080086E-8	2.944256576854862E-8	2.9532145818638847E-8	0.3132908361250484	3.5226114269602626E-7	6.252374686878367E-7	0.6867076122229939	5.9347162008855366E-8
28	28	2.243515572770425E-7	2.787967418164329E-7	2.2401384834862983E-7	0.5157233609492963	5.4009322708115396E-8	5.417364798708618E-8	2.220172436797585E-7	6.461864051849254E-7	1.1469330655835436E-6	5.429573800332257E-8	0.48427373427313314
29	29	1.235132133788579E-5	1.534871515011637E-5	1.2332729305166591E-5	6.001552594240667E-6	2.973398126163874E-6	2.9824447953697383E-6	1.2222809382393333E-5	0.8692241034032188	0.1307027010032149	2.989166268761702E-6	5.99345660624377E-6
30	30	1.5587433768938114E-6	1.9370160835090747E-6	1.5563970523936826E-6	7.573991560447743E-7	3.752444381646825E-7	3.763861326702198E-7	1.5425250991892957E-6	0.9999827940478628	7.968628974173845E-6	3.7723438621703305E-7	7.563774380176621E-7
31	31	5.6361853722805435E-6	7.003963498790689E-6	5.627701410120843E-6	2.7386432606911396E-6	1.3568283559465567E-6	1.360956554319111E-6	5.577542480245338E-6	0.9999377858233818	2.8813383092519912E-5	1.3640237136112716E-6	2.734948879509241E-6
32	32	0.8135479048837295	4.500119100314553E-6	3.6158564519824596E-6	1.7596066639284796E-6	8.71776273748106E-7	8.744286839654672E-7	3.583628819953384E-6	0.1864157431708175	1.851289710771867E-5	8.76399365582632E-7	1.7572329857499204E-6
33	33	0.9399934541683567	1.0150547844837191E-5	8.155989452222657E-6	3.968999760262329E-6	1.966393906342501E-6	1.972376729511243E-6	8.083296238211039E-6	0.05992454974368482	4.1758016543453547E-5	1.9768218336509475E-6	3.963645649985997E-6
34	34	1.6459412756482897E-6	2.045374992896843E-6	1.6434636950547975E-6	7.997689366671165E-7	3.96236043975043E-7	3.974416061854111E-7	1.6288157288203161E-6	0.9999818315270947	8.414403251583558E-6	3.983373120120477E-7	7.986900625574801E-7
35	35	0.7362334197978817	1.2356883274938018E-5	9.928785243251816E-6	4.831706377381763E-6	2.3938116784093063E-6	2.401094935301528E-6	9.84029134379411E-6	0.26366676134471356	5.0834589827861894E-5	2.4065062326855617E-6	4.825188491181224E-6
