0	0	1.4291297682160247E-5	0.812032753173422	1.4253102348051635E-5	0.18793870242654764
1	1	6.816623990387361E-7	8.852555539348853E-6	6.79840568463262E-7	0.9999897859414932
2	2	3.169077861056167E-4	0.9954488425131489	3.160608092221225E-4	0.003918188891523431
3	3	1.0624982237491135E-4	0.9984741312906178	1.0596585603715489E-4	0.0013136530309702508
4	4	1.1871269439574195E-5	0.8245521140498192	1.1839541942700072E-5	0.17542417513879843
5	5	0.13777847372156485	0.5929255017286096	5.488691838591318E-5	0.2692411376314396
6	6	1.6436967984160292E-5	0.7447346047440914	0.06994379316423004	0.18530516512369455
7	7	6.090570398692595E-5	0.755257389425892	6.074292564694324E-5	0.244620961944474
8	8	2.464991171330986E-5	0.7066337818943657	2.4584031648771498E-5	0.29331698416227225
9	9	5.1158830305951375E-5	0.5447738584342064	5.102210174150612E-5	0.45512396063374605
10	10	6.647857665675217E-5	0.9990452917689888	6.630090409664314E-5	8.219287502578614E-4
11	11	1.767406664768029E-4	0.8647729327741134	1.762683042773165E-4	0.13487405825513243
12	12	2.5353706576611432E-5	0.7363265257148071	2.5285945529635673E-5	0.26362283463308667
13	13	5.28503828940981E-5	0.7016584950141717	5.2709133437449525E-5	0.2982359454694967
14	14	3.9527828823470427E-4	0.796485355450798	3.9422185608831834E-4	0.20272514440487902
15	15	3.7926578158528848E-6	0.9999455331053055	3.782521449257081E-6	4.6891715429395416E-5
16	16	0.18639524612203842	5.6400526586208654E-5	4.3313330128867785E-6	0.8135440220183625
17	17	7.185813897129967E-5	0.8011593292929392	0.1978803719105001	8.884406575894575E-4
18	18	4.410121580528373E-5	0.7841569151892718	4.398334962477714E-5	0.215755000245298
19	19	4.896476729207263E-5	0.9992968100595073	4.883390264367854E-5	6.053912705568217E-4
20	20	1.278266421712715E-5	0.7806930539535677	1.2748500900301076E-5	0.2192814148813149
21	21	3.4420558113466284E-4	0.9950568150222889	3.432856473773597E-4	0.004255693749199114
22	22	4.926661170742419E-5	0.536953279040864	4.913494034094546E-5	0.4629483194070876
23	23	1.0089304933279656E-6	0.9999855106066504	1.0062339966107267E-6	1.2474228859619758E-5
24	24	3.753470447585131E-6	0.9999460958806373	3.743438814279271E-6	4.640721010082145E-5
25	25	4.3619810263227285E-5	0.7974289665060239	4.350323070104813E-5	0.20248391045301173
26	26	1.6539014775681904E-5	0.5734543549107435	1.649481212808238E-5	0.4265126112623528
27	27	1.3106251938506937E-7	1.7020716319683356E-6	0.9999965464332494	1.6204325992120254E-6
28	28	0.9999937645950321	3.0733972239621475E-6	2.3602451366326299E-7	2.9259832303747934E-6
29	29	1.1766402434278661E-5	0.1635759023043124	1.1734955207985512E-5	0.8364005963380452
30	30	1.5058658047869608E-6	1.955625055816713E-5	1.5018411844329694E-6	0.9999774360424525
31	31	4.68951525715735E-6	6.0901399762039944E-5	4.676981923513467E-6	0.9999297321030574
32	32	3.3732468069684953E-6	4.380739607866042E-5	3.3642313703238715E-6	0.9999494551257441
33	33	7.810607862166955E-6	1.0143414099620686E-4	7.789733006466537E-6	0.999882965518135
34	34	1.590054004294343E-6	2.0649578740780487E-5	1.585804380131761E-6	0.9999761745628747
35	35	9.388844769549219E-6	1.2193025446315741E-4	9.363751872400033E-6	0.9998593171488948
