0	0	8.829902813120063E-6	2.7622409250571136E-5	8.784639286512154E-6	0.3469645443285039	3.334887408175937E-5	4.390851216202708E-6	1.790262916771619E-5	4.3634362258808025E-6	4.850279902169632E-5	4.379272436280716E-6	8.813359233386826E-6	0.6527402658067616	2.2393723198350056E-5	8.827909253709763E-6	9.266935683170037E-5	4.360702717566153E-6
1	1	4.14608326482449E-7	1.2970109768111774E-6	0.5398353138341452	1.7979111225084439E-6	1.5658972885372533E-6	2.0617253814823804E-7	0.23167053930064063	0.22847909220468327	2.277450245796566E-6	2.0562885622242654E-7	4.138315222466159E-7	8.540879719446638E-7	1.0514978811752484E-6	4.14514718846177E-7	4.3512921676903355E-6	2.047569145756787E-7
2	2	1.959646076260175E-4	6.130321822376604E-4	1.9496006098272843E-4	8.497826144929929E-4	7.401212858754235E-4	9.744744126162621E-5	3.973182689069645E-4	9.683901238814861E-5	0.8345204870864756	9.719047002284547E-5	1.9559745113746177E-4	4.036846430948901E-4	4.96990428176601E-4	1.9592036398077172E-4	0.16080788573649907	9.677834684112505E-5
3	3	6.566319029678112E-5	2.054128514733809E-4	6.532659003921744E-5	2.8474242467720637E-4	2.4799745946922717E-4	3.265237512534906E-5	1.3313212735543934E-4	3.2448504735765964E-5	0.2663299757838913	3.25662700293459E-5	6.554016468175403E-5	1.3526535153743073E-4	1.665299538338993E-4	6.564836527846587E-5	0.732104670410456	3.242817711943297E-5
4	4	7.334635542906364E-6	2.2944794405767123E-5	7.297037000987833E-6	0.22582021337083136	2.7701532206281508E-5	3.647298738794863E-6	1.487097457175805E-5	3.624526238725586E-6	0.055001941071570394	3.6376807245814855E-6	7.320893474563549E-6	1.5109257570733633E-5	1.860154087591674E-5	7.332979575449287E-6	0.7190348001510455	3.6222556262776585E-6
5	5	0.13777822922592503	1.0638233410857536E-4	3.3832328785068965E-5	1.4746674095423795E-4	1.2843669907747747E-4	1.6910509031483657E-5	6.894849251799174E-5	1.680492553101662E-5	1.8679909214003453E-4	1.6865915613760492E-5	3.394293807176392E-5	7.005327912715143E-5	8.624506724273418E-5	3.399897464370955E-5	0.8612582890792743	1.679439795566359E-5
6	6	1.0155668636938679E-5	3.176977609378539E-5	1.0103609017790193E-5	0.19955178877846805	3.8356041029818266E-5	5.050115604850832E-6	0.06172401834617919	5.018584390602306E-6	5.578525214303325E-5	5.036798328930982E-6	1.0136641121302846E-5	2.0920550495100008E-5	2.575602893520516E-5	1.0153375754535831E-5	0.7384909349933412	5.0154404596613385E-6
7	7	3.763550368745932E-5	1.1773439721915147E-4	3.74425779374694E-5	1.6320292275595448E-4	1.4214218435244352E-4	1.8715030123880854E-5	0.1296527829326541	1.8598179803872953E-5	2.0673243070363218E-4	1.8665678140776025E-5	3.756499034555381E-5	7.752866733345441E-5	9.544828180386758E-5	3.762700658232403E-5	0.8693195926877255	1.858652883053462E-5
8	8	1.5230422824537115E-5	4.7645028628570863E-5	1.5152349185069218E-5	0.14503978167080275	0.1758767345781208	7.573641748698935E-6	3.087968437093839E-5	7.526354490484405E-6	8.366095900583901E-5	7.553669873839547E-6	1.5201887321972552E-5	0.09256780192789481	3.862623181081205E-5	1.5226984196345242E-5	0.5862238829701768	7.521639547601381E-6
9	9	3.161176644371599E-5	9.88904598750901E-5	3.144971935646809E-5	1.3708153662394452E-4	0.10895655138117372	1.5719602590581647E-5	6.409286081126504E-5	1.562145470725216E-5	1.7364394455872617E-4	1.567814962169355E-5	3.155253908983243E-5	6.511984387907531E-5	8.017134078753545E-5	3.1604629339740577E-5	0.8902355991026148	1.5611668526334487E-5
10	10	4.107978048239114E-5	1.2850905977381604E-4	4.086919880598255E-5	1.7813871435267193E-4	1.5515056684179958E-4	2.0427767769361382E-5	8.328926057653472E-5	2.030022369462056E-5	0.18325903567045168	2.0373899256024794E-5	4.100281399270062E-5	8.462383449412626E-5	1.0418339280074041E-4	4.107050575030326E-5	0.8157616578044946	2.0287506462745058E-5
11	11	1.0924818179318801E-4	3.4175891300732497E-4	1.0868815773764417E-4	4.7374475767580107E-4	4.1260973482841945E-4	5.432591072030768E-5	2.2150070360735854E-4	5.398671810291037E-5	6.001020302428884E-4	5.418265199134619E-5	1.0904349596091347E-4	2.2504988941734566E-4	0.6640430413752653	1.0922351643214368E-4	0.3330295410655107	5.395289770651276E-5
12	12	1.5665306267597963E-5	4.900546584908875E-5	1.5585003344443375E-5	6.793116919519434E-5	5.91649010444456E-5	7.7898965065693E-6	3.1761410611540906E-5	7.741259026768531E-6	8.604978079505531E-5	7.769354362728984E-6	1.563595597362887E-5	3.227033517029752E-5	3.972914988970411E-5	1.566176945418269E-5	0.9995405028330535	7.736409455279432E-6
13	13	3.2657152235983405E-5	1.0216071944531289E-4	3.2489746330113684E-5	1.4161475658885868E-4	1.2333989182399948E-4	1.6239442228064187E-5	0.0728191459151647	1.6138048641810872E-5	1.7938626563015898E-4	1.619661842958958E-5	3.25959662622178E-5	6.72733255488537E-5	8.282256816375755E-5	3.264977911143928E-5	0.9262891618655583	1.612793883663417E-5
14	14	2.444787386079192E-4	7.647979727316085E-4	0.19829584967438885	0.001060159710465003	9.23349989468565E-4	1.2157209308773508E-4	4.956806761434832E-4	1.2081303804548829E-4	0.446961330057923	1.2125150456373218E-4	2.4402068673681237E-4	5.036231467243975E-4	6.200282512886451E-4	2.444235417501185E-4	0.3491578835642897	1.2073735378498353E-4
15	15	2.3432326965068614E-6	7.330288212918724E-6	2.3312209022944422E-6	1.016121447298883E-5	8.849947025912554E-6	1.1652207677773456E-6	4.750904614363119E-6	1.1579455232977283E-6	1.2871415115788822E-5	1.1621480526780862E-6	2.3388424492109808E-6	4.8270300756699595E-6	5.942727287658149E-6	2.3427036563020585E-6	2.4592101576661962E-5	0.9999078330575701
16	16	2.6643972659301116E-6	8.334980944101547E-6	2.650739129584458E-6	1.1553915281534074E-5	1.0062924904820134E-5	1.3249264712374051E-6	5.402065823029019E-6	1.3166540783464378E-6	1.46355772921244E-5	1.3214326083693878E-6	2.6594052892863326E-6	0.9998993734091551	6.757240269397323E-6	2.6637957152273814E-6	2.796270652164052E-5	1.3158292502329133E-6
17	17	4.440468295458863E-5	1.389102860102827E-4	4.4177057284072275E-5	0.5577632991567433	1.6770809507582376E-4	2.2081144071772247E-5	9.00305007960906E-5	2.194327687445287E-5	2.4391564194436752E-4	2.2022915565488686E-5	0.06299585690869215	9.147309204157005E-5	0.37782182828608574	4.4394657547125035E-5	4.660247679740056E-4	2.1929530339226524E-5
18	18	2.7250239060141246E-5	8.524638055774324E-5	2.7110549875914007E-5	1.1816817166433816E-4	0.14359342868341346	1.3550743179330256E-5	5.5249863441355435E-5	1.346613692081138E-5	1.4968600407054536E-4	1.3515009544705172E-5	2.7199183401638262E-5	5.613515196701802E-5	6.910996910350391E-5	2.7244086674134174E-5	0.8557101821261699	1.3457700955362652E-5
19	19	3.0255841785323275E-5	9.464874774985436E-5	3.0100745389736706E-5	1.3120169324190158E-4	1.1427059609729138E-4	1.504534109966959E-5	6.13437233799336E-5	1.4951403077102311E-5	1.6619582847109896E-4	1.5005666174497557E-5	3.019915487250381E-5	6.232665602532048E-5	0.9375959633950377	0.06130601573280775	3.175334381349627E-4	1.4942036655201945E-5
20	20	7.897758369506439E-6	2.4706400337779566E-5	7.857273167838101E-6	0.34712503794909433	2.9828340692661047E-5	3.927323173987344E-6	1.6012706180119323E-5	3.902802296028975E-6	0.05122727782018311	3.916966728625147E-6	7.882961242282611E-6	0.6014270391252082	2.0029689856992407E-5	7.895975263751933E-6	8.28865508493325E-5	3.900357355396326E-6
21	21	2.1286054627786915E-4	6.65887410884178E-4	2.1176938828846228E-4	0.9924454320802134	8.039340528468226E-4	1.0584929509269402E-4	4.315747868467922E-4	1.0518840788480171E-4	0.0011692464248217306	1.0557016796393738E-4	2.1246173380009466E-4	4.384900655997666E-4	5.398406136603725E-4	2.1281248797483968E-4	0.002233960026049758	1.0512251179450195E-4
22	22	3.0442379801642052E-5	0.41933939676264836	3.0286327181661654E-5	1.3201059830455567E-4	1.1497511492941631E-4	1.5138100974059637E-5	6.172192923366898E-5	1.5043583790201427E-5	0.5797106243133867	1.5098181438875043E-5	3.03853433938608E-5	6.27109220081095E-5	7.720563195373702E-5	3.0435506714360127E-5	3.194911446197087E-4	1.5034159620981594E-5
23	23	6.151920153031545E-7	1.924492938828034E-6	6.120384403722649E-7	2.6677239605286786E-6	2.323463971082976E-6	3.0591691276356986E-7	1.2473018956163002E-6	3.0400687099950995E-7	3.3792596939645954E-6	3.0511020253065794E-7	6.14039400334245E-7	1.267287864584321E-6	0.9999770588890556	6.150531211548036E-7	6.456407232640479E-6	3.0381642354787565E-7
24	24	2.319021161482165E-6	7.2545477497232535E-6	2.3071334795598815E-6	1.0056223363709344E-5	8.75850463408181E-6	1.1531810828273187E-6	4.701815723771451E-6	1.1459810100695684E-6	0.2221622517008441	1.150140116665908E-6	2.314676276572329E-6	4.7771546160467785E-6	4.75542028456036E-4	2.31849758760406E-6	0.7773128041307964	1.145263101417466E-6
25	25	2.695274193114176E-5	8.431572620944355E-5	2.681457776587557E-5	1.1687810254855269E-4	1.0179541223083909E-4	1.340280659856254E-5	5.4646687971402996E-5	1.3319124006032399E-5	1.4805184752740046E-4	1.3367463076247525E-5	2.6902243659008498E-5	5.5522311598561774E-5	6.835547967138701E-5	2.694665671214814E-5	0.9992094180383553	1.3310780137959251E-5
26	26	1.021872165223137E-5	0.2483780584403647	1.016633881300948E-5	4.4312552698196657E-5	3.8594180351617684E-5	5.081470016642522E-6	2.0718459554977525E-5	5.049743036048589E-6	5.613160337624379E-5	5.068070058387096E-6	1.0199576001367098E-5	2.1050438918743642E-5	2.5915939163117048E-5	1.0216414534118952E-5	0.7513541714718751	5.0465795855336E-6
27	27	7.950849341814221E-8	2.4872483769911716E-7	7.910091987134854E-8	0.1185307736034333	3.00288552609233E-7	0.5592878243869294	1.612034813377338E-7	3.929038040265118E-8	0.043380544776596704	3.943297690195568E-8	7.935952744103336E-8	1.6378650296776262E-7	2.0164335114517235E-7	0.2787985911908726	8.344373775857248E-7	3.9265766640479206E-8
28	28	0.27083008752234533	4.523993151663098E-7	1.4387466209592082E-7	6.271140145262816E-7	5.461872517815763E-7	7.191328117644884E-8	2.9320893415492875E-7	7.14642789647151E-8	7.943779582011253E-7	0.34838572878767876	0.3807787847392794	2.9790712685371503E-7	3.667639903187662E-7	1.4458333682989834E-7	1.5177370368841669E-6	7.141950961536793E-8
29	29	7.269841623348109E-6	0.9452570829453104	7.2325752256631025E-6	3.152500391003533E-5	2.745681781810034E-5	3.615078626465634E-6	1.4739604890944499E-5	3.5925072978832017E-6	0.054516055805084875	3.6055455774609033E-6	7.2562209519670875E-6	1.4975782906055864E-5	1.84372154999491E-5	7.268200284650918E-6	7.629659824828169E-5	3.590256743947989E-6
30	30	9.303691604471057E-7	0.9999658565498897	9.255999358995261E-7	4.0344608507940885E-6	3.5138284801052465E-6	4.6264524606054913E-7	1.8863236007326482E-6	4.5975664557770367E-7	5.110532851856511E-6	4.6142523945537805E-7	9.286260340828686E-7	1.9165488453830302E-6	2.3595310041665032E-6	9.301591076034769E-7	9.76417448067217E-6	4.594686274772103E-7
31	31	2.8973487812808452E-6	9.06371853371551E-6	2.8824964973509438E-6	1.256408824165674E-5	0.9998955497395706	1.4407664149086088E-6	5.87437505243356E-6	1.4317707565781483E-6	1.591518373513844E-5	1.4369670793320207E-6	2.8919203500067323E-6	5.968502286519452E-6	7.348034059975547E-6	2.8966946362636133E-6	3.0407520191440638E-5	1.430873812732707E-6
32	32	2.0841039467373983E-6	4.2860366097949976E-4	2.073420488896093E-6	9.037526327782352E-6	0.9995027834506743	1.0363636546064373E-6	4.225521038575223E-6	1.029892950371193E-6	1.1448016700560896E-5	1.0336307388037888E-6	2.0801991993641913E-6	4.293228089007432E-6	5.28554480016241E-6	2.083633410976927E-6	2.1872559234467867E-5	1.0292477659804275E-6
33	33	4.82571173623746E-6	1.5096177990268763E-5	4.800974348273154E-6	2.092625798958271E-5	0.9998260316980602	2.3996846505057702E-6	9.784131208758796E-6	2.3847018309498537E-6	2.6507712647933553E-5	2.393356624553113E-6	4.816670351686836E-6	9.940905878471516E-6	1.2238600485586289E-5	4.824622217672332E-6	5.064558606328489E-5	2.3832079160751045E-6
34	34	9.823833875392215E-7	0.9999639476891458	9.773475295527693E-7	4.260015793722987E-6	3.7102763851917666E-6	4.885103928374659E-7	1.991782453313891E-6	4.854602991238894E-7	5.3962478428719465E-6	4.872221792201613E-7	9.805428080623768E-7	2.023697503265218E-6	2.4914455029474225E-6	9.821615912535544E-7	1.0310061006576206E-5	4.851561787711691E-7
35	35	5.800835893890941E-6	1.8146639487172287E-5	5.7710998599403626E-6	2.5154794796226134E-5	0.9997908781905239	2.884585241622073E-6	1.1761195572481198E-5	2.86657486673395E-6	3.186408542358763E-5	2.87697852118579E-6	5.789967530652852E-6	1.1949649458877552E-5	1.4711635685709885E-5	5.799526217982992E-6	6.0879461841230316E-5	2.864779078775298E-6
