0	0	1.8275675113406582E-5	9.009382683955328E-6	5.871390558342261E-5	2.7799440508340284E-5	8.993840529520297E-6	4.48034922461749E-6	4.476806323403471E-6	4.463921255611419E-6	4.469008178830249E-6	2.848323186764589E-5	2.3193411408409953E-5	0.9998031687317736	4.472295549271312E-6
1	1	6.878694933429073E-7	3.390998944601802E-7	2.209904927464208E-6	1.0463299954189168E-6	0.6753267950235196	1.6863374578573672E-7	1.6850039620231892E-7	0.3246636219774208	1.6820688552633508E-7	1.072066895038716E-6	8.72965844238119E-7	2.6810903647832635E-6	1.6833061730782563E-7
2	2	4.25310630992137E-4	2.0966591988450103E-4	0.35210578615987864	6.469472405513068E-4	2.093042236150761E-4	1.0426647135948152E-4	1.0418402113307252E-4	1.0388416045602462E-4	1.0400254308816179E-4	6.628604001302871E-4	0.6435619874111923	0.0016577217711041354	1.0407904661473015E-4
3	3	1.230937748156058E-4	6.068169391525687E-5	0.9985899465977355	1.8724003620655414E-4	6.057701146460574E-5	3.017689333652963E-5	3.015303051988804E-5	3.006624458046657E-5	3.0100506985401943E-5	1.9184563677019495E-4	1.5621664006371978E-4	4.797792849033961E-4	3.0122648702974432E-5
4	4	1.377689165992303E-5	6.791611712805446E-6	0.999842184115429	2.0956264417773973E-5	6.779895451902112E-6	3.377455852281768E-6	3.3747850800183916E-6	3.3650718310193638E-6	3.3689065451753815E-6	2.1471732077200366E-5	1.7484066345832837E-5	5.3697818908316034E-5	3.3713846887258394E-6
5	5	0.12168947137817807	3.115974317737677E-5	0.8776496813566325	9.614681239562524E-5	3.1105989267968393E-5	1.5495682232775315E-5	1.5483428797017913E-5	1.5438864655687964E-5	1.545645822748107E-5	9.851176501117091E-5	8.021645524951906E-5	2.4636423828729934E-4	1.546782788756387E-5
6	6	1.7074757874780863E-5	8.417364993369383E-6	5.485574215445848E-5	2.5972704854338332E-5	8.402844133144857E-6	4.185939929993977E-6	4.182629837205161E-6	4.170591463170594E-6	4.175344118366647E-6	2.661156343682898E-5	2.166934362924127E-5	0.9998161027581034	4.178415471625968E-6
7	7	7.056445184406456E-5	3.478624710724641E-5	0.8343139617339888	1.0733678886662283E-4	0.16491244056022997	1.7299135881070167E-5	1.7285456338150212E-5	1.7235705631810903E-5	1.7255346818595093E-5	1.099769847633923E-4	8.955238875020985E-5	2.7503716005184407E-4	1.7268039728254653E-5
8	8	2.9805279829688945E-5	1.4693146508774264E-5	0.31143499455508306	0.008238475205684484	1.4667799250234274E-5	7.306874386079122E-6	7.301096369046233E-6	7.280082477697022E-6	7.288378596394062E-6	0.18848862389961402	3.78254763746401E-5	0.4917044444659503	7.293739875541984E-6
9	9	5.466041945060565E-5	2.694601613566481E-5	1.7560646525275852E-4	8.314489447031967E-5	2.6899531358751603E-5	1.3400203624934047E-5	1.3389607219316815E-5	1.3351069479627717E-5	1.3366283875546271E-5	8.51900349252912E-5	6.936879695044217E-5	0.9994113005612385	1.3376116018330763E-5
10	10	6.988664302269403E-5	3.4452106834977715E-5	0.28839036489326253	1.0630576233059648E-4	3.439267324403979E-5	1.713296854616068E-5	1.7119420402473928E-5	1.707014757793976E-5	1.70896001007534E-5	1.0892059775162766E-4	8.86921907683162E-5	0.7110814708250696	1.7102171088313218E-5
11	11	2.3389381780348324E-4	1.1530293129675337E-4	7.51426114211557E-4	3.5577986766282144E-4	1.1510402133500677E-4	5.7339932929204254E-5	5.7294590544536893E-5	5.712968622883647E-5	5.7194789153086446E-5	3.645310941218483E-4	0.9968661246705227	9.116416229592588E-4	5.7236861230764735E-5
12	12	2.79718612971401E-5	1.3789323855050725E-5	8.986465413735108E-5	4.254847436344295E-5	1.3765535787829255E-5	6.857405064167248E-6	6.851982471527957E-6	6.832261212157401E-6	6.840047009936325E-6	4.3595052229376245E-5	3.54987097821428E-5	0.9996987396142902	6.845078499577015E-6
13	13	5.59207791064009E-5	2.7567337229852345E-5	1.796555981779347E-4	8.506204899692263E-5	2.7519780607204712E-5	1.370918544757758E-5	1.3698344710096989E-5	1.3658918367414759E-5	1.3674483576792042E-5	8.71543462894338E-5	7.096830229500683E-5	0.9993977263327664	1.3684542429071633E-5
14	14	4.517164220554383E-4	2.2268321611490575E-4	0.9948255362325819	6.87113538823999E-4	2.2229906360897312E-4	1.1073994852416837E-4	1.1065237930168209E-4	1.1033390150620534E-4	1.1045963402997923E-4	7.040146811534207E-4	5.732671844763302E-4	0.001760642910476433	1.1054088734644458E-4
15	15	4.152526192781638E-6	2.047076091239636E-6	1.3340740043951466E-5	6.3164782772306745E-6	2.0435446647405743E-6	1.0180071265539753E-6	1.0172021226349211E-6	1.014274428792136E-6	1.0154302592485093E-6	6.471846629551149E-6	0.9999443615076585	1.6185189302219803E-5	1.0161772024819154E-6
16	16	0.19081768316940206	2.193554544318057E-6	1.4295336198399249E-5	6.768453643906914E-6	2.18977042672805E-6	1.0908505883864737E-6	1.089987982442126E-6	1.086850797576016E-6	1.0880893334374275E-6	0.8091284347242254	5.6470032162980736E-6	1.734331991686388E-5	1.088889724165939E-6
17	17	9.082470507056358E-5	4.477396977460052E-5	0.7617759896002807	1.3815500492479743E-4	4.469672985957886E-5	2.2266011756824274E-5	2.2248404584675466E-5	2.218436960513215E-5	2.2209650110404858E-5	1.4155324592839092E-4	1.1526440132456595E-4	0.23753760791940967	2.2225987370118353E-5
18	18	5.2302786969944236E-5	2.5783771068678484E-5	1.6803214528859925E-4	7.955865957174684E-5	2.5739291289549934E-5	1.2822221318337033E-5	1.2812081960622334E-5	1.2775206444306849E-5	1.2789764607537259E-5	8.151558830766062E-5	6.637675754645335E-5	0.9994366925529597	1.2799172666873137E-5
19	19	5.2302786969944236E-5	0.09347921423213201	1.6803214528859925E-4	7.955865957174684E-5	2.5739291289549934E-5	1.2822221318337033E-5	1.2812081960622334E-5	1.2775206444306849E-5	1.2789764607537259E-5	8.151558830766062E-5	0.9058457796878525	2.038591615902994E-4	1.2799172666873137E-5
20	20	1.7034780142860438E-5	8.397657120282743E-6	5.47273064735411E-5	2.5911894045802726E-5	8.38317025825963E-6	4.1761392414229575E-6	4.172836898670955E-6	4.1608267105054616E-6	4.165568238142534E-6	2.6549256846196014E-5	2.1618608431890043E-5	0.9998165333231921	4.168632400334308E-6
21	21	4.816181135535557E-4	2.3742389080585004E-4	0.001547285135623021	7.325975107562246E-4	2.370143090501497E-4	1.1807045858669759E-4	1.1797709265692402E-4	1.176375329960902E-4	1.1777158847416375E-4	7.506174362850715E-4	6.112150155917148E-4	0.9948129136952085	1.1785822041200197E-4
22	22	0.09228789912564575	2.7567337229852345E-5	0.6611755004150431	0.24603700430643516	2.7519780607204712E-5	1.370918544757758E-5	1.3698344710096989E-5	1.3658918367414759E-5	1.3674483576792042E-5	8.71543462894338E-5	7.096830229500683E-5	2.179609119234545E-4	1.3684542429071633E-5
23	23	9.702047607447187E-7	4.782830684559691E-7	3.11695794357631E-6	1.4757949766488218E-6	4.77457978705165E-7	2.3784927892125048E-7	2.37661196149842E-7	2.3697716373862914E-7	2.3724721434380929E-7	1.5120955580521178E-6	0.9999870005082101	3.7815409188422876E-6	2.3742173169720163E-7
24	24	3.975543593982273E-6	1.959828755582267E-6	0.9999544596891358	6.047267033552722E-6	1.9564478401240166E-6	9.746191890698033E-7	9.738484947924042E-7	9.710455806236609E-7	9.721521490480943E-7	6.196013514393457E-6	5.045308453730347E-6	1.5495369002050253E-5	9.728672572132873E-7
25	25	4.8149209605379754E-5	2.3736176779955066E-5	0.2714861055505953	7.324058233922396E-5	2.369522932127199E-5	1.1803956493139753E-5	1.1794622343123054E-5	1.1760675261767691E-5	1.1774077301954442E-5	7.504210339282383E-5	6.110550884919819E-5	0.7281500095694879	1.1782738228975471E-5
26	26	1.9090896840629408E-5	9.411263570283715E-6	6.13329525529435E-5	2.9039488154537088E-5	9.39502812808204E-6	4.680203840700852E-6	4.67650290154683E-6	4.6630430704611855E-6	4.668356905698694E-6	2.9753781345897272E-5	2.4227998245351655E-5	0.9997943886935282	4.671790915636921E-6
27	27	1.2557007367104066E-7	0.4273823022954177	4.034165306548082E-7	1.91006776547765E-7	6.17956497294585E-8	0.46067469704287806	3.0759624273927535E-8	3.067109244668372E-8	0.11194128221793143	1.957050287781649E-7	1.5935927735442886E-7	4.894310881391598E-7	3.0728631260724254E-8
28	28	0.1576970575207783	1.1209087473156139E-7	7.304932276295323E-7	3.4586871408817095E-7	1.1189750591296982E-7	5.5742583183265016E-8	0.5366255551792317	5.5538193439755415E-8	5.560148275638155E-8	3.5437615286474196E-7	2.8856247580730886E-7	8.862455256771162E-7	0.30567439088325393
29	29	1.267302543356696E-5	6.24743738253187E-6	4.07143820485692E-5	0.4703151150555493	6.236659880895112E-6	3.106838971611362E-6	3.104382193576336E-6	3.095447213564456E-6	3.0989746732577803E-6	1.9751320793838343E-5	1.608316469000596E-5	0.5295676720569124	3.1012542568545897E-6
30	30	1.5993621363793183E-6	7.884395759639736E-7	5.138239593687575E-6	0.9999789736994505	7.870794328684709E-7	3.9208953229602283E-7	3.9177948180434614E-7	3.9065186876551674E-7	3.910970415066811E-7	2.4926577151400327E-6	2.0297287946899027E-6	6.233790646546602E-6	3.913847296921551E-7
31	31	5.783030115729984E-6	2.850867673130691E-6	1.8579028248974424E-5	8.796665549293042E-6	2.845949619674204E-6	1.4177311827973731E-6	1.4166100912759604E-6	1.412532828213323E-6	1.4141424995380949E-6	0.9999241887339255	7.339165083042925E-6	2.254036045003939E-5	1.4151827326427136E-6
32	32	3.715665225074003E-6	1.8317161872504316E-6	1.1937245319302271E-5	5.651961622888561E-6	1.8285562797559818E-6	9.109090475068855E-7	9.101887329491405E-7	9.075690432238332E-7	9.086032760819649E-7	0.9999512903651919	4.715500340550745E-6	1.4482448095339516E-5	9.092716381508897E-7
33	33	8.381076759413565E-6	4.131630014246094E-6	2.692572211346894E-5	1.2748598523631865E-5	4.124502507955992E-6	2.054651909025915E-6	2.053027163190729E-6	2.0471181753396477E-6	2.0494509971753223E-6	0.9998901302556822	1.0636310840519676E-5	3.2666696755180856E-5	2.0509585586652374E-6
34	34	1.688832128674159E-6	8.325457112674755E-7	5.425678095825056E-6	0.9999777974661852	8.311094803432651E-7	4.140234312145183E-7	4.136960361737427E-7	4.1250534328101353E-7	4.1297541945137373E-7	2.6320995973094634E-6	2.143273948405141E-6	6.582515421522703E-6	4.132792012151263E-7
35	35	1.0202777305580733E-5	5.029676037396873E-6	3.277826398703649E-5	0.25944373046345626	5.020999305097487E-6	2.501248523315583E-6	2.4992706247220694E-6	2.492077266532354E-6	2.494917147655773E-6	0.7404380382578375	1.2948206295434259E-5	3.9767089822640855E-5	2.496752390858718E-6
