0	0	1.1710047038164103E-4	0.9992676055790306	9.807706735799558E-5	3.403030958640114E-5	1.963574989732835E-4	1.0180407607706823E-4	5.4854474034974014E-5	1.0312756940474352E-4	2.704295515328655E-5
1	1	2.2674429314369164E-5	3.067476481787673E-5	0.9998465009292636	6.589365924391078E-6	3.802114727896142E-5	1.9712553838605643E-5	1.0621596053621989E-5	1.9968824849376216E-5	5.23638865904151E-6
2	2	7.478314512798778E-5	1.011692668131873E-4	6.263434756544172E-5	2.1732564969689295E-5	0.999556504807416	6.501450396467153E-5	3.503137160173218E-5	6.585971827744839E-5	1.7270274263859472E-5
3	3	4.69483017383981E-5	6.351331248330215E-5	3.9321377078449986E-5	1.3643542485410405E-5	0.8862869270645445	0.11347546557699195	2.1992434277179832E-5	4.1346240798026416E-5	1.084214960278687E-5
4	4	7.74055700256066E-5	1.0471697537386203E-4	6.483074987268103E-5	2.2494662088874274E-5	0.9995409527357156	6.729437135472977E-5	3.62598187461909E-5	6.816922484694814E-5	1.7875891975453962E-5
5	5	4.048951627716522E-5	5.477564053197824E-5	3.391184512125392E-5	1.1766569078885466E-5	0.9997598803074109	3.520052295238659E-5	1.896688469376661E-5	3.5658143698562764E-5	9.350570235056133E-6
6	6	0.040020471173771124	0.2133253873282972	2.464468230071487E-5	8.55109345073068E-6	0.5621457136661039	0.1844287392068217	1.3783763338173858E-5	2.5913766111580527E-5	6.7953198049094654E-6
7	7	5.857632543916764E-5	0.26987047475506865	4.906038547033722E-5	1.7022736822764973E-5	0.7298613873537007	5.0924720215804146E-5	2.7439458717757375E-5	5.158676175693385E-5	1.3527502807914253E-5
8	8	2.3194355331243433E-4	3.1378139005125037E-4	1.942634681768361E-4	6.740460478141305E-5	0.7359309127731506	0.2628952110061011	1.0865149884787542E-4	2.0426711194459072E-4	5.356459363382268E-5
9	9	1.0025795501533745E-4	1.356324848832167E-4	8.397068069126866E-5	2.913574331983482E-5	0.9994054285762987	8.716163518770029E-5	4.696477624952945E-5	8.8294770981918E-5	2.3153377372470942E-5
10	10	0.09051640039343027	8.103614781957498E-5	5.016984315274455E-5	1.740769111863029E-5	0.9091882628415452	5.207633819691496E-5	2.8059978063124546E-5	5.275335122811424E-5	1.383341544537409E-5
11	11	6.044776711722413E-5	8.17758636558752E-5	5.062780455001397E-5	1.7566592363819577E-5	0.999641519568707	5.255170250157751E-5	2.8316115733756967E-5	5.3234895457094954E-5	1.3959689913625549E-5
12	12	7.003753870200766E-5	9.474924366654545E-5	0.11639875787885468	2.0353454746434058E-5	0.883244550033277	6.08887982689748E-5	3.280834257694916E-5	6.1680376772945E-5	1.617433313454827E-5
13	13	1.3099953268885437E-4	1.7722077150298329E-4	1.097181757640918E-4	3.8069485447383034E-5	0.9992231182189673	1.1388755611700239E-4	6.136534243675504E-5	1.1536813947313432E-4	3.0252777602519302E-5
14	14	7.78606272157559E-5	1.0533259273264899E-4	6.521188134503598E-5	2.262690525587291E-5	0.9995382540570784	6.768998613453717E-5	3.647298546311458E-5	6.856998277565076E-5	1.7980981998963527E-5
15	15	1.6743394910139378E-4	2.2651053043080694E-4	1.4023368694005816E-4	4.86576108928036E-5	0.9990070469572423	1.455626816583193E-4	7.843265858473877E-5	1.4745505419738606E-4	3.8666870952181414E-5
16	16	6.303714340521136E-5	8.52788628960219E-5	5.279652711606725E-5	1.8319085299404803E-5	0.9996261634890242	5.48028382976617E-5	2.952908160736324E-5	5.5515296910514444E-5	1.4557675443511179E-5
17	17	6.01731303124799E-5	8.140432533492952E-5	5.039778350645966E-5	1.7486780767343436E-5	0.9996431482793262	5.231294047036941E-5	2.8187465033842675E-5	5.299302942487449E-5	1.3896265823440984E-5
18	18	9.190896691114378E-5	1.2433768036961007E-4	7.69780164773896E-5	2.6709462289597083E-5	0.999454941552529	7.990324401851224E-5	4.30537812749815E-5	8.094201785147796E-5	2.122527827823852E-5
19	19	1.453791651851614E-4	1.9667404368356196E-4	1.2176178396077274E-4	0.06590339545945662	0.9332766938694431	1.2638883126853102E-4	6.810132884936647E-5	1.2803193615511677E-4	3.357358199767688E-5
20	20	0.19142508281446716	1.9040393296110194E-4	1.178799302453599E-4	4.090141180129749E-5	0.8078809888199611	1.2235946393925062E-4	6.593020924336898E-5	1.239501854539661E-4	3.250323192741685E-5
21	21	5.253515161370107E-5	7.107139933178124E-5	4.4000622599439844E-5	1.5267124613216394E-5	0.9996884446736966	4.5672682220412675E-5	2.4609534878256084E-5	4.626644518654372E-5	1.2132365860104738E-5
22	22	3.588221142429798E-5	4.854271661373863E-5	3.005301392338774E-5	1.0427650370950183E-5	0.9997872035438102	3.11950530151362E-5	1.680864157485221E-5	3.160060106500755E-5	8.286568202378198E-6
23	23	1.297164908821279E-4	1.7548502745724903E-4	1.0864356882791704E-4	3.769662349599293E-5	0.9992307271911788	1.1277211323896489E-4	6.076431510318851E-5	1.1423819539570116E-4	2.9956474420081056E-5
24	24	0.2734784340148554	8.030969443678574E-5	0.004531999929042138	1.7251638832830193E-5	0.7217465969477317	5.1609496755603415E-5	2.7808432715357844E-5	5.228044066308519E-5	1.3709404967134237E-5
25	25	1.407443722792079E-4	1.9040393296110194E-4	0.18077531068120065	4.090141180129749E-5	0.8185078965111937	1.2235946393925062E-4	6.593020924336898E-5	1.239501854539661E-4	3.250323192741685E-5
26	26	8.765112727806712E-5	1.1857752528186581E-4	7.341187858629643E-5	2.5472100898898827E-5	0.999480192314647	7.62015899729137E-5	4.10592414337965E-5	7.719224083654957E-5	2.0241981064556018E-5
27	27	0.2715222332339154	1.953673372641204E-5	1.2095279614639599E-5	4.196762004698306E-6	0.728406565013618	1.2554910125601328E-5	6.76488622100821E-6	1.2718128931970312E-5	3.3350518423560313E-6
28	28	2.3395395903034015E-5	3.165011375575832E-5	1.959472760758935E-5	6.798884435578569E-6	0.999861255559741	2.0339343271664728E-5	1.0959325209526388E-5	2.0603762793423043E-5	5.402887282494847E-6
29	29	5.276396284786603E-4	7.138094321041153E-4	4.419226260525984E-4	1.533361894163457E-4	8.847615852404428E-4	4.587160470308333E-4	0.43848105809554183	0.5582169043253148	1.2185207082039413E-4
30	30	1.763517799208794E-4	2.3857488536034772E-4	0.7591281237773093	5.1249202050697215E-5	2.957118304640026E-4	1.5331560975698962E-4	8.261012189928801E-5	1.553087734333461E-4	0.23971875401980516
31	31	1.9764417772621045E-5	2.6737998938443447E-5	0.999866200832679	5.7436938844501125E-6	3.3141554682460336E-5	1.7182666166799006E-5	9.258431994262897E-6	1.7406047635397718E-5	4.564356246510923E-6
32	32	9.453304896406208E-5	1.2788763078821092E-4	0.8137793078131523	2.747204099103097E-5	0.18573924764678437	8.218455209590187E-5	4.4283004696273714E-5	8.325298383781529E-5	2.1831278690058723E-5
33	33	0.07540802912342547	3.554280196732901E-5	0.9244403845693898	7.635087979693572E-6	4.405504382283693E-5	2.2840905269061785E-5	1.230722671721469E-5	2.313784608800092E-5	6.067395340674778E-6
34	34	1.0102269475831065E-4	1.3666705168255487E-4	0.9993161067229662	2.935798265091169E-5	1.6939781383998E-4	8.782647985244903E-5	4.732301047555535E-5	8.896825889074538E-5	2.332998488314754E-5
35	35	4.1504606742110534E-5	5.6148890586008665E-5	0.786620186258366	1.2061562281455119E-5	6.959614038431923E-5	3.608301596528059E-5	0.21311828242294928	3.6552109470301915E-5	9.584993255139481E-6
36	36	9.003455839930271E-5	1.2180191466295502E-4	0.9993904931031854	2.6164744563515794E-5	1.50972584916472E-4	7.827368244530022E-5	4.2175734477145236E-5	7.92912713321195E-5	2.0792406017696315E-5
37	37	1.1027533996115815E-4	1.4918435527619986E-4	0.9992534690962019	3.204687347876096E-5	1.8491292035489903E-4	9.58704867900376E-5	5.1657314038814115E-5	9.71168411058662E-5	2.5466772792319814E-5
38	38	3.3871858443373335E-4	4.5823040451847255E-4	2.836925019399451E-4	0.9975217187583155	5.67973244500359E-4	2.9447304887867363E-4	1.5866913031543537E-4	2.983013151955948E-4	7.822301190228395E-5
39	39	4.1118038813778765E-5	5.5625927907508246E-5	0.9997216432369299	1.1949222627870205E-5	6.89479319583144E-5	3.574694395244765E-5	1.926130941343425E-5	3.6211668388137544E-5	9.495720008708408E-6
40	40	8.170320667275267E-5	1.1053096926081519E-4	0.9994468938500476	2.3743588802111224E-5	1.3700233029016273E-4	7.103062388003345E-5	3.827300107675127E-5	7.19540501355271E-5	1.8868379834256898E-5
41	41	6.588883601860219E-4	8.913673287968696E-4	0.7965419889892977	1.9147809404121616E-4	0.2001023781711917	5.728202502352108E-4	3.0864926782939064E-4	5.802671404615871E-4	1.5216239796015928E-4
42	42	5.788272738377879E-6	0.9999637977657406	4.84794649755173E-6	1.6821171820707482E-6	9.705945284241236E-6	5.032172426738835E-6	2.71145500611479E-6	5.097592662225856E-6	1.3367324620370199E-6
43	43	6.9337448258445745E-6	9.380213671140387E-6	5.80733242241637E-6	2.0150003005760023E-6	0.9999588800057606	6.028015800865028E-6	3.248039262992212E-6	6.106382394806968E-6	1.6012655607491488E-6
44	44	1.4380068550071197E-4	1.9453862089434986E-4	0.33670835558581225	0.6623599465987431	2.4112920181736862E-4	1.2501654245228566E-4	6.736190677374909E-5	1.2664180704050683E-4	3.320905096566804E-5
45	45	7.155103960634606E-5	9.679676087849144E-5	0.9995156209694404	2.079328990820646E-5	1.1997887916463186E-4	6.220459623892157E-5	3.3517326031826514E-5	6.301328063787064E-5	1.6523858093304526E-5
46	46	8.120226963895586E-5	1.0985328403719881E-4	6.801066163992625E-5	0.9994058723941444	1.3616234439788695E-4	7.059512236810726E-5	3.803834243341697E-5	7.15128869313835E-5	1.875269440878049E-5
47	47	2.139256198653283E-5	2.8940609648459466E-5	0.9998551787857558	6.21684528572247E-6	3.587167459376056E-5	1.859813202169535E-5	1.002111889224157E-5	1.883991510726949E-5	4.940356708476637E-6
48	48	5.733212270353924E-4	7.756091040078491E-4	0.9961187876279856	1.666116180821815E-4	9.613618278566142E-4	4.984304300699023E-4	2.6856625135335906E-4	5.049102231580343E-4	1.324016904510752E-4
49	49	7.83210664894983E-5	1.0595549116326182E-4	0.6919608076449448	2.276071249832143E-5	1.313310585574662E-4	6.809027995658737E-5	0.30754567095086366	6.897548057599935E-5	1.8087314950402978E-5
50	50	1.6464427301152217E-6	2.227365585795888E-6	1.3789720401320375E-6	0.9999879535746751	2.76080339929066E-6	1.4313741047061115E-6	7.712586439220373E-7	1.4499825352325238E-6	3.8022628575146337E-7
51	51	6.039007188113778E-6	8.169781151292936E-6	5.057948211768355E-6	1.7549825678431551E-6	1.012638415435104E-5	5.250154377732409E-6	2.828908901200661E-6	5.318408464955143E-6	0.9999554544249826
52	52	7.003753870200766E-5	9.474924366654545E-5	0.9995258669156185	2.0353454746434058E-5	1.1744099651308379E-4	6.08887982689748E-5	3.280834257694916E-5	6.1680376772945E-5	1.617433313454827E-5
53	53	2.591299496908656E-5	3.505601024762408E-5	0.999824576813264	7.530518350907697E-6	4.345166903646224E-5	2.2528077834529063E-5	1.2138667804386757E-5	2.2820951772865065E-5	5.984296720179643E-6
54	54	4.69483017383981E-5	6.351331248330215E-5	3.9321377078449986E-5	1.3643542485410405E-5	0.6877762896425127	4.081562154522624E-5	2.1992434277179832E-5	0.31198663361827655	1.084214960278687E-5
55	55	0.3059586997819273	7.71955845288226E-5	4.779213316652662E-5	1.658268473214929E-5	9.568336403170639E-5	4.960827328789215E-5	2.673012558878813E-5	0.693714530247275	1.3177805461746547E-5
56	56	0.9997603199636464	4.907454478897659E-5	3.038227113580244E-5	1.0541894456482727E-5	6.0827540362502464E-5	3.153682227072821E-5	1.6992795033920316E-5	3.1946813456344326E-5	8.377354848727704E-6
57	57	0.999788169445166	4.337235678460778E-5	2.68520209264318E-5	9.316985201153667E-6	5.3759719917467326E-5	2.7872419668089058E-5	1.501832716224107E-5	2.8234772167894225E-5	7.403953006037841E-6
58	58	0.11919441441142924	3.618890322394935E-5	2.240471255689203E-5	7.773879511734892E-6	4.485588161836478E-5	2.3256109945672594E-5	1.2530948939644227E-5	0.880652397463604	6.1776891705654475E-6
59	59	1.1261068565434417E-5	1.5234369300037028E-5	9.431666470814395E-6	3.2725543143121663E-6	1.8882889642277936E-5	9.790077505310368E-6	5.275128197311923E-6	0.9999242516367055	2.6006092990115977E-6
60	60	1.89174931951262E-5	2.5592249606764763E-5	1.5844276699282156E-5	0.1828363254532017	3.172140674185937E-5	1.6446372163556965E-5	8.861699153699894E-6	0.8170419222801082	4.368769129800246E-6
61	61	8.451371866077393E-6	1.143331286472806E-5	7.078415356277627E-6	0.5928169251127567	1.4171507912032291E-5	7.3474009250831134E-6	3.958955562490504E-6	0.40712868217935533	1.9517434013135323E-6
62	62	5.251237958951202E-6	7.104059253718715E-6	4.3981549974513676E-6	0.9999615785931821	8.805429634677938E-6	4.565288482015105E-6	2.459886756491797E-6	4.6246390412234196E-6	1.2127106933074924E-6
63	63	0.9999466776422383	1.0917765509570213E-5	6.759237672712643E-6	2.3452878105630358E-6	1.3532490725230193E-5	7.016094228675219E-6	3.780439580851793E-6	7.107306233693203E-6	1.8637360004491542E-6
64	64	0.9999405157251771	1.2179419502145882E-5	7.540333327228261E-6	2.616308627720372E-6	1.5096301647713726E-5	7.826872156460524E-6	4.217306143583137E-6	7.928624595800979E-6	2.0791088222974087E-6
65	65	0.1596904089371765	3.40565055858221E-5	2.108453559978494E-5	7.3158108544085E-6	0.0019429893946360099	2.188576518520025E-5	1.1792574367830544E-5	0.8382646528020422	5.813674552192595E-6
66	66	6.61874136030343E-5	8.954065912873884E-5	0.10500256711280533	1.9234578377812927E-5	1.1098499396497446E-4	5.75416005403518E-5	3.100479228731559E-5	0.894607653656569	1.5285192723354813E-5
67	67	5.0338705330562875E-5	6.809996961082827E-5	0.5435601828114757	1.4628820200249564E-5	8.440941567568708E-5	4.376314945953615E-5	2.3580632900194443E-5	0.456143371372525	1.1625122822242256E-5
68	68	6.685563331545499E-5	9.044465023876796E-5	0.1666378968174942	1.9428768235559024E-5	1.1210548435299722E-4	5.8122533223352676E-5	3.131781272818296E-5	0.8329683887903258	1.5439510085673175E-5
69	69	0.3433049014112862	4.489380968261201E-5	2.779395925038953E-5	9.643814434929325E-6	0.21804571364720193	2.8850152418213755E-5	1.5545152981221615E-5	0.43851499437749614	7.663675248332986E-6
70	70	0.08989436140981795	2.8754825185332404E-5	1.7802241447171023E-5	6.176936200261534E-6	3.564139610665118E-5	1.847874117213179E-5	9.956788243511552E-6	0.9099839190197758	4.90864205111836E-6
71	71	4.814291175077292E-5	6.51294228899026E-5	4.032191829120834E-5	1.3990705467964087E-5	8.072744467946514E-5	4.185418414182278E-5	2.2552036674097346E-5	0.9996761633455864	1.1118030518423091E-5
72	72	0.217428781348331	1.9284402852354225E-5	1.1939060436967665E-5	4.142557825039221E-6	2.390287669325107E-5	1.2392754491498203E-5	6.677512882304159E-6	0.7824895875092225	3.2919772650907367E-6
73	73	0.9998881124187313	2.2909009034886975E-5	1.4183070407345472E-5	4.921173622432374E-6	2.8395549622042277E-5	1.4722038674804465E-5	7.93258697832093E-6	1.4913431011012408E-5	3.910721917915103E-6
74	74	0.9998385773103043	3.305133433702244E-5	2.0462229564135186E-5	7.0998860962451355E-6	4.096688786548645E-5	2.1239811011578218E-5	1.144451879078362E-5	2.1515936970755208E-5	5.642085059694133E-6
75	75	0.999867633849765	2.710200093041729E-5	1.677897052599191E-5	5.82188657269283E-6	3.359273249682478E-5	1.7416585119617265E-5	9.38447312756628E-6	1.764300762729026E-5	4.626493834654046E-6
76	76	0.9998232534264432	3.618890322394935E-5	2.240471255689203E-5	7.773879511734892E-6	4.485588161836478E-5	2.3256109945672594E-5	1.2530948939644227E-5	2.3558448589927662E-5	6.1776891705654475E-6
77	77	0.9998541788838381	2.9856908423181442E-5	1.848454613059773E-5	6.413679000946117E-6	3.7007420242409603E-5	1.9186973991183857E-5	1.0338401046067688E-5	1.9436412255683084E-5	5.09677507193387E-6
78	78	1.501432934948946E-5	2.031191238854546E-5	1.2575196206691545E-5	4.363281157881844E-6	2.5176467269674875E-5	1.305306394039237E-5	7.03330342542537E-6	1.3222758943741255E-5	0.9998892496873182
79	79	9.520626876408075E-6	1.2879838619245934E-5	7.973965949108703E-6	2.7667683913212793E-6	1.5964466035162956E-5	8.276983172385146E-6	4.4598367375173286E-6	0.9999359588391427	2.1986750762893914E-6
80	80	5.209923798166453E-6	7.048168005116616E-6	4.3635524743622694E-6	1.5140444713444941E-6	8.736152839653677E-6	0.9999648962005013	2.4405335758200385E-6	4.588254652929827E-6	1.20316968127179E-6
81	81	0.30219223121559957	1.3878426711439872E-4	8.592196322930427E-5	2.9812789959264918E-5	1.720220869267784E-4	8.918706805698599E-5	4.805612798139632E-5	0.6972202930733354	2.3691407796799147E-5
82	82	0.6201891955926466	4.7893924591569916E-5	2.9651343867903025E-5	1.0288280825061968E-5	5.9364170238146845E-5	3.07781191692537E-5	1.6583987634611647E-5	0.37960806876598613	8.175815040711546E-6
83	83	0.3305507139116987	1.4096811363714163E-4	8.727399242200008E-5	3.028191055225071E-5	1.7472894876480188E-4	9.05904754640326E-5	4.881231749891673E-5	0.6688525661248763	2.406420508579788E-5
84	84	0.6339895406088566	2.8256003702651394E-5	0.078869316068033	6.069782411150267E-6	3.5023110516801385E-5	1.8158183039360976E-5	0.08674678897797262	0.20030202377559864	4.823489869176451E-6
85	85	0.0018058149957403734	3.193214967952457E-5	0.18002309267581945	6.859469672875528E-6	3.957966664479492E-5	2.052058829064603E-5	1.1056984365925508E-5	0.8180556924370749	5.451032711528134E-6
86	86	1.1175548733504892E-5	1.5118675066002213E-5	9.36003965079172E-6	3.2477015844567363E-6	1.8739487482956384E-5	0.9999247005834968	5.235067338591505E-6	9.842037131827859E-6	2.5808595151546296E-6
87	87	0.131250042730977	0.06877289204225752	2.3104712894934746E-5	8.016762265633193E-6	4.625733375555815E-5	2.398271086867893E-5	0.0020958185944659597	0.7977735144110707	6.370701444065398E-6
88	88	0.6066596663132339	1.035070791202777E-4	6.408169766688557E-5	2.2234759553589933E-5	1.2829626968659504E-4	6.651685455290546E-5	3.584087407461272E-5	0.39290218679756345	1.766935454775073E-5
89	89	0.5008650116704102	3.348370027877297E-5	2.07299092609849E-5	7.192764311297588E-6	4.1502802297016925E-5	2.151766275568579E-5	0.26725098717950574	0.23175385841834636	5.7158928338492195E-6
90	90	1.1616649831228504E-5	1.5715412132500485E-5	9.729482249375056E-6	3.375889002197368E-6	1.947913872484377E-5	1.0099210526864455E-5	5.4416964719589475E-6	0.9999218597945153	2.682726545790189E-6
91	91	0.6536775165149441	5.740823466703756E-5	3.554169597663795E-5	1.2332086897499748E-5	7.115708818828686E-5	3.6892309472370295E-5	1.987845978298909E-5	0.3460794736383116	9.79997175955128E-6
92	92	6.812481910897758E-6	0.6270343325595301	5.7057691149547925E-6	0.2535896601397892	1.1423369226997915E-5	5.9225930047111E-6	3.191234935924382E-6	0.11934137859114854	1.5732613387338484E-6
93	93	1.2648401964672801E-5	0.9999208917009224	1.0593622445898442E-5	3.675724215524094E-6	2.1209210925435327E-5	1.0996188757127041E-5	5.925009821854956E-6	1.1139143568080763E-5	2.920997379230123E-6
94	94	1.1241951238582743E-5	1.5208506708436986E-5	9.415654824172622E-6	3.266998670093944E-6	1.8850833148607027E-5	9.77345740300971E-6	5.266172888200136E-6	0.9999243802307383	2.596194380685347E-6
95	95	8.28743193450523E-6	1.1211529164000119E-5	6.941108070840889E-6	0.9999393638611848	1.3896608632461094E-5	7.20487585057702E-6	3.882159639379245E-6	7.298542091482235E-6	1.913883431982154E-6
96	96	0.28311010112998125	1.204837880982149E-5	7.459205445937812E-6	2.588159265277412E-6	1.4933877665264832E-5	0.7168387972591787	4.171931344176508E-6	7.843319014855113E-6	2.0567392947970548E-6
97	97	3.0031577123711757E-4	4.062777292463092E-4	2.5152836729261315E-4	8.727410432742546E-5	5.035782823943151E-4	2.6108665082664106E-4	1.406797395598028E-4	0.9979799050142927	6.935434082306904E-5
98	98	1.0586787882971749E-4	0.6076535611021286	8.866925170488635E-5	3.076603091421674E-5	0.3918618200767754	9.203875574002936E-5	4.959268559277268E-5	9.323529603392926E-5	2.4448922280456372E-5
99	99	2.203658168877667E-4	0.6824859277272886	1.8456657770769865E-4	6.404002431852395E-5	3.695158569582515E-4	0.316327394234435	1.0322803094872108E-4	1.9407087778094102E-4	5.089085367455137E-5
100	100	1.1814507060779099E-4	0.9992610722203235	9.895196842720897E-5	3.4333878555629476E-5	1.9810911523208456E-4	1.0271222410197801E-4	5.534380593770269E-5	1.0404752371382016E-4	2.7284193100297527E-5
101	101	7.925847779112962E-5	0.6942991943661959	6.638264594222786E-5	2.303313153045972E-5	0.30533799350897833	6.890524074330117E-5	3.7127793747331635E-5	6.98010361758591E-5	1.8303798895408327E-5
102	102	9.66015944954564E-5	0.9993958139652673	8.090830941449441E-5	2.8073176448450544E-5	1.61984383411435E-4	8.39828912994988E-5	4.525199292298386E-5	8.507470216362984E-5	2.2308984576770496E-5
103	103	8.765112727806712E-5	0.9994517938621347	7.341187858629643E-5	2.5472100898898827E-5	1.4697597779426627E-4	7.62015899729137E-5	4.10592414337965E-5	7.719224083654957E-5	2.0241981064556018E-5
104	104	8.221036263512795E-5	0.9994858226380849	6.88549862132304E-5	2.3890972278471076E-5	1.3785274426405067E-4	7.147153196527276E-5	3.8510572911254837E-5	7.240069020057918E-5	1.8985501447018473E-5
105	105	9.320254158872731E-5	0.9994170730377318	7.80614451807285E-5	2.708538517537055E-5	1.5628475192858973E-4	8.102784389807625E-5	4.3659742620248054E-5	8.208123797508586E-5	2.152401390141159E-5
106	106	7.353745662585918E-5	0.9995400665531955	6.159102575185571E-5	2.1370558179814754E-5	1.2330976141129032E-4	6.393153506945085E-5	3.444784202774345E-5	6.476267035747607E-5	1.6982597381023396E-5
107	107	1.6534365723846337E-4	0.9989658728807027	1.3848297069468058E-4	4.805015578190928E-5	2.7725308788794235E-4	1.4374543676473769E-4	7.7453483519541E-5	1.4561418440012586E-4	3.818414300990861E-5
108	108	7.394804930067935E-5	0.9995374985380256	6.193491613328453E-5	2.1489879612021652E-5	1.2399825523596653E-4	6.428849356643937E-5	3.464017981380416E-5	6.512426945636607E-5	1.707741885573859E-5
109	109	1.1407463801993747E-4	0.9992865303769694	9.554279261609556E-5	3.315097911326354E-5	1.9128369463312873E-4	9.917349682368532E-5	5.3437054940257256E-5	1.004627915787304E-4	2.6344175305586285E-5
110	110	2.7534187691794355E-4	0.9982778988516723	2.3061157415463183E-4	8.001649594643643E-5	4.6170132483680797E-4	2.3937500245389072E-4	1.2898098349999713E-4	2.4248697233533384E-4	6.358691818270512E-5
111	111	1.272243572712302E-4	0.23071799967050227	1.06556291507642E-4	3.6972390040455755E-5	2.1333352906991246E-4	0.7685968924809221	5.959690153085066E-5	1.1204343323047555E-4	2.9380945925141116E-5
112	112	6.753748315845429E-5	0.6222205484273422	5.6565770088996184E-5	1.962691911550923E-5	1.1324883014324315E-4	0.3774157597389765	3.163721805923465E-5	5.947863795205692E-5	1.559697516386979E-5
113	113	7.193969114100016E-5	0.0055291308960948955	6.02528231590729E-5	2.090623507403205E-5	0.08702956424163552	0.9071745375579463	3.369938572336196E-5	6.335555670203737E-5	1.6613612523732115E-5
114	114	1.1310047998468638E-4	0.8455788359524755	9.472689014423298E-5	3.286788119386465E-5	1.89650197903498E-4	0.15381211379820783	5.298072093513767E-5	9.960487401388946E-5	2.6119205141302137E-5
115	115	8.823507590187338E-5	1.1936751150170105E-4	7.390096260384137E-5	2.5641800921331834E-5	1.4795515995233782E-4	0.9994054833557644	4.13327859765122E-5	7.770651035258241E-5	2.0376837025372823E-5
116	116	1.225167357055687E-4	0.18517833477642145	1.0261344041672338E-4	3.560431851373202E-5	2.054396513277193E-4	0.8141619080904786	5.739166611122805E-5	1.0789754407937495E-4	2.829377694568339E-5
117	117	1.0179919061697238E-4	0.9993633060650903	8.526153688871557E-5	2.958363840085614E-5	1.7069986484176516E-4	8.850154497568119E-5	4.768675172935566E-5	8.965210012806621E-5	2.3509307328344087E-5
118	118	4.125807209667559E-4	0.9974195507733592	3.455554621513369E-4	1.1989917391553461E-4	6.918274386908662E-4	3.5868685213937793E-4	1.9326906520394295E-4	3.633499233426561E-4	9.528059023035203E-5
119	119	9.66015944954564E-5	0.9993958139652673	8.090830941449441E-5	2.8073176448450544E-5	1.61984383411435E-4	8.39828912994988E-5	4.525199292298386E-5	8.507470216362984E-5	2.2308984576770496E-5
120	120	1.0758789885443495E-4	0.8693522650203367	9.010984813692052E-5	3.126588214235597E-5	1.804065403836287E-4	0.130068370182718	5.0398410740400196E-5	9.475007632386743E-5	2.4846140363693734E-5
121	121	1.084690392038728E-4	0.9993215900935162	9.08478439888758E-5	3.152194839710895E-5	1.818840623329102E-4	9.430013631139791E-5	5.081117159662801E-5	9.552607544877119E-5	2.5049629204310165E-5
122	122	8.22579690909431E-4	0.9948552488776403	6.889485882483E-4	2.3904807085662038E-4	0.0013793257216370284	7.151291976870148E-4	3.8532873650832557E-4	7.24426160618519E-4	1.899649558944523E-4
123	123	5.276396284786603E-4	0.9966999251248035	4.419226260525984E-4	1.533361894163457E-4	8.847615852404428E-4	4.587160470308333E-4	2.4716719075403254E-4	4.646795374030979E-4	1.2185207082039413E-4
124	124	1.5032960531271376E-4	0.9990597769259275	1.2590800684321983E-4	4.368695524552898E-5	2.520770858105211E-4	1.3069261400926478E-4	7.042031005032575E-5	1.3239166977680359E-4	3.471682702412399E-5
125	125	3.072835330671947E-4	4.1570396231622585E-4	2.5736419053154426E-4	8.929899023462169E-5	0.9981776806867069	2.6714424011833426E-4	1.4394371372783288E-4	2.706172210926505E-4	7.096346220469501E-5
126	126	1.6534365723846337E-4	0.9989658728807027	1.3848297069468058E-4	4.805015578190928E-5	2.7725308788794235E-4	1.4374543676473769E-4	7.7453483519541E-5	1.4561418440012586E-4	3.818414300990861E-5
127	127	2.6973418521393164E-4	0.14292891528110307	0.8556099712495333	7.83868570207286E-5	4.5229818312077236E-4	2.344998224397422E-4	1.2635411976519455E-4	2.3754841304926837E-4	6.229188875395207E-5
128	128	9.876269188094825E-5	0.3580734381542346	8.27183285643176E-5	2.8701208196187915E-5	1.6560817481269834E-4	0.6413947211133352	4.626433608465659E-5	8.697792868258722E-5	2.280806420887848E-5
129	129	1.5032960531271376E-4	0.9196052901046767	1.2590800684321983E-4	4.368695524552898E-5	2.520770858105211E-4	0.07958517943526008	7.042031005032575E-5	1.3239166977680359E-4	3.471682702412399E-5
130	130	1.9166435838585268E-4	0.23180525251251924	1.605277769275588E-4	5.5699156726633316E-5	3.213884105871659E-4	0.7671626278600855	8.978313696129299E-5	1.6879419320378362E-4	4.426259460290495E-5
131	131	1.9737709197125428E-4	0.313229236325864	1.6531245588595825E-4	5.7359321641959964E-5	3.309676896069196E-4	0.6857078807660284	9.245920645194352E-5	1.7382526034979295E-4	4.5581882199694227E-5
132	132	1.9447878192933437E-4	0.6023122541547099	1.6288498699296993E-4	5.6517050149091796E-5	3.261077184281038E-4	1.6907474962639908E-4	0.3965624972176899	1.7127278836543257E-4	4.491255210880291E-5
133	133	2.591772295046821E-4	0.6461336903243524	2.170729332934825E-4	7.531892339155667E-5	0.35267990483967737	2.2532188217473724E-4	1.2140882577146357E-4	2.2825115592416698E-4	5.985388591015455E-5
134	134	1.453791651851614E-4	0.9990907390110407	1.2176178396077274E-4	4.224831875175139E-5	2.437760427908377E-4	1.2638883126853102E-4	6.810132884936647E-5	1.2803193615511677E-4	3.357358199767688E-5
135	135	0.9891976242871864	0.00221178901176393	0.001369328513174409	4.751230280848383E-4	0.0027414963493788847	0.0014213641158423323	7.658650222186895E-4	0.0014398424125471746	3.7756725980319825E-4
136	136	9.453304896406208E-5	0.05009193082416508	7.917580672894203E-5	2.747204099103097E-5	0.9494753364598308	8.218455209590187E-5	4.4283004696273714E-5	8.325298383781529E-5	2.1831278690058723E-5
137	137	3.2223622963640505E-4	4.359324957136654E-4	2.6988776643027977E-4	9.364436042607672E-5	5.403351491567121E-4	2.8014372213687846E-4	1.5094814593067047E-4	2.837857015283283E-4	0.997623086429041
138	138	8.170320667275267E-5	1.1053096926081519E-4	6.843021960622377E-5	2.3743588802111224E-5	0.3332631568737706	7.103062388003345E-5	3.827300107675127E-5	7.19540501355271E-5	0.6662711774667952
139	139	0.0032296887928846994	0.004369236499102894	0.0027050139444595896	9.385727412656726E-4	0.005415636775548838	0.9782387704272354	0.0015129134789377914	0.0028443092846547418	7.458580559104765E-4
140	140	7.316906810982167E-4	9.89856866999357E-4	6.128248330805876E-4	2.1263501605165867E-4	0.6089364948757907	6.361126776061447E-4	0.3870670274303785	6.443823944672266E-4	1.6897522452752654E-4
141	141	4.001163296126886E-4	0.9974975081945271	3.351159571141228E-4	1.1627692461796499E-4	6.709267821475378E-4	3.478506373784271E-4	1.874302532020346E-4	3.523728334960897E-4	9.240208790408039E-5
142	142	2.3607796411904088E-4	3.193745662849197E-4	1.977262287092545E-4	6.860609679291091E-5	0.3568973256303504	0.6419078737193866	1.105882197636991E-4	2.0790818815902826E-4	5.451938643409014E-5
143	143	2.003630957224164E-4	2.7105823719990904E-4	1.678133723219E-4	5.8227077610377784E-5	0.9988117634050819	1.7419041762585218E-4	9.385796825625254E-5	1.7645496207590211E-4	4.627146410544619E-5
144	144	2.936569959137567E-4	3.9726950398130835E-4	2.4595133456351654E-4	8.533901230788235E-5	0.998258491726531	2.552976862956684E-4	1.375605068454542E-4	2.586166573762317E-4	6.781657618507413E-5
145	145	7.74055700256066E-5	1.0471697537386203E-4	6.483074987268103E-5	2.2494662088874274E-5	0.9995409527357156	6.729437135472977E-5	3.62598187461909E-5	6.816922484694814E-5	1.7875891975453962E-5
146	146	1.538215517283201E-4	2.0809520088767682E-4	1.28832673692958E-4	4.470174209646923E-5	0.9990877741422807	1.3372842058965547E-4	7.2056075332584E-5	1.354669430456422E-4	3.5523250345970244E-5
147	147	2.2409446349965948E-4	3.03162865514067E-4	1.876894919344045E-4	6.512359809177578E-5	0.9986710265116998	1.948218460286036E-4	1.0497467592880593E-4	1.973546072228513E-4	5.175194007991973E-5
148	148	6.61874136030343E-5	8.954065912873884E-5	5.543502430895477E-5	1.9234578377812927E-5	0.9996074810748828	5.75416005403518E-5	3.100479228731559E-5	5.828966414756199E-5	1.5285192723354813E-5
149	149	1.378152719326667E-4	1.8644134307571188E-4	1.1542667304622329E-4	4.005019240587089E-5	0.9991826980469705	1.1981298096147265E-4	6.455810323575413E-5	1.2137059718846295E-4	3.182679118338883E-5
150	150	1.2601385824586423E-4	1.704759759062842E-4	1.055424425106168E-4	3.662060958685906E-5	0.9992526853446005	1.095531415870225E-4	5.902985609422781E-5	1.1097737583680369E-4	2.9101395631710347E-5
151	151	9.590209363512513E-5	1.297397225311953E-4	8.03224450471516E-5	2.7869896045259618E-5	0.3477331415992933	0.6517814938125106	4.4924319159971386E-5	8.445866857053336E-5	2.2147443206919695E-5
152	152	9.003455839930271E-5	1.2180191466295502E-4	7.540811253701175E-5	2.6164744563515794E-5	1.50972584916472E-4	0.9993933586730938	4.2175734477145236E-5	7.92912713321195E-5	2.0792406017696315E-5
153	153	7.744777294077129E-4	0.0010477406896062258	6.486609676872526E-4	2.2506926585027213E-4	0.0012986669435347386	0.9947816682196238	3.6279588254430767E-4	6.820639193986028E-4	1.7885638234699694E-4
154	154	8.22579690909431E-4	0.0011128147135601033	6.889485882483E-4	2.3904807085662038E-4	0.0013793257216370284	0.5596952484149821	0.4351476436832934	7.24426160618519E-4	1.899649558944523E-4
155	155	5.111583476823053E-5	6.915129762455682E-5	4.281187900684898E-5	1.4854660073192399E-5	8.571252908130887E-5	4.443876539973011E-5	2.394467094736387E-5	4.501648695826718E-5	0.9996229538761405
156	156	2.403624422366409E-4	3.2517075885067626E-4	2.013146775648758E-4	6.985119953488032E-5	4.0304678410665596E-4	2.0896479984904728E-4	1.1259523812057968E-4	2.1168142504694065E-4	0.9982270126746896
157	157	8.272385405761299E-5	1.11911736911392E-4	6.928505906150064E-5	2.404019688892889E-5	1.3871378172303602E-4	7.191794793328056E-5	3.875111252488822E-5	7.285290975305819E-5	0.9993898034011464
158	158	3.668663572840187E-4	4.96309700819983E-4	3.0726756534334376E-4	1.0661422344865095E-4	6.151722545516171E-4	0.9975281014564097	1.7185465612866384E-4	3.2309038212885503E-4	8.472340388512013E-5
159	159	0.10772908128173429	2.752219101361186E-4	1.703911209411218E-4	5.912149244058309E-5	3.4113555040474376E-4	0.8911036012585102	9.529970227737347E-5	1.7916545247695004E-4	4.6982231078642995E-5
160	160	4.887005143191592E-4	6.611312300422796E-4	4.0930931451050565E-4	1.420201792795001E-4	0.9971018024403366	4.2486340299492176E-4	2.28926575497357E-4	4.303867955810056E-4	1.1285954743861626E-4
161	161	3.4760866063923126E-4	4.7025721203083773E-4	2.911383524987233E-4	1.0101778667425297E-4	0.7879689242027755	0.21027181353266447	1.6283359227527288E-4	3.061305916101811E-4	8.02760688315264E-5
162	162	1.5937462612037302E-4	2.156075950754525E-4	1.3348363068244181E-4	4.631550880553536E-5	2.6724404165762356E-4	0.9989261541747553	7.465735416656641E-5	1.4035740217795603E-4	3.680566655879781E-5
163	163	5.688822184365263E-6	7.696038571764124E-6	4.764652052594364E-6	1.6532160757766524E-6	9.539183682056535E-6	4.9457127247956205E-6	0.9999593886002144	5.010008949898735E-6	1.313765544283679E-6
164	164	1.2844672242953452E-5	1.7376724007144796E-5	1.075800789405734E-5	3.732761888479051E-6	2.1538322677423822E-5	1.1166820986670018E-5	0.9999083043725632	1.1311994084218822E-5	2.9663236560261794E-6
165	165	2.622551876549283E-6	3.547880342234258E-6	2.1965086579745063E-6	7.621340202520773E-7	4.397571809307125E-6	2.2799777822082882E-6	0.9999812781100788	2.3096183967915024E-6	6.056470358620251E-7
166	166	1.5291698084214935E-5	2.068714656037726E-5	1.280750536813226E-5	4.443886674508155E-6	2.5641567289056324E-5	1.3294201039836673E-5	0.9998908355290126	1.3467030921026087E-5	3.531435050271633E-6
167	167	1.89174931951262E-5	2.5592249606764763E-5	1.5844276699282156E-5	5.4975709997635604E-6	3.172140674185937E-5	0.4413814918065416	0.5584999062455673	1.6660181518365653E-5	4.368769129800246E-6
168	168	2.4927348119404294E-6	3.3722592551050583E-6	2.0877808539924656E-6	7.244081692470437E-7	4.179890752625016E-6	2.1671182328104966E-6	0.9999822048489606	2.195291628532264E-6	5.756673351408662E-7
169	169	8.006858826786186E-6	1.08319600037722E-5	6.7061150986101225E-6	2.3268555950468774E-6	1.3426135426577968E-5	6.960952953339137E-6	0.9999428405855725	7.051448099928667E-6	1.8490884235203106E-6
