0	0	4.991115841554944E-5	8.485929859591139E-5	7.749279575786207E-5	0.9994464184394891	5.6479502714483315E-5	1.950255364635446E-5	8.400544185276887E-5	1.1107746500443206E-4	7.025334452347113E-5
1	1	0.29363887212113743	0.7062126781282616	1.628718943933035E-5	6.0425364394736084E-5	1.187068231509294E-5	4.098984720868732E-6	1.7655996689884352E-5	2.334590844574381E-5	1.4765624595293133E-5
2	2	3.318559922977384E-5	5.64223865668942E-5	5.152444753544235E-5	0.9996319272805662	3.7552847925802525E-5	1.2967118973208446E-5	5.585466286387673E-5	7.385467206363042E-5	4.671098427522792E-5
3	3	2.1054872267472453E-5	3.579764023444476E-5	3.269010313779462E-5	0.9997664732814023	2.3825708581697305E-5	8.227093679027806E-6	3.543744333194239E-5	4.685769498658536E-5	2.9636162378543278E-5
4	4	3.299163929188622E-5	5.609261453179509E-5	5.12233024943517E-5	0.9996340785559222	3.733336272076646E-5	1.2891330027129439E-5	5.552820900463493E-5	7.34230135147825E-5	4.6437972492437385E-5
5	5	1.8028733610054114E-5	3.0652578246813344E-5	2.7991675925148873E-5	0.9998000372100604	2.04013279032714E-5	7.044644034877255E-6	3.0344151108434823E-5	4.012301237274275E-5	2.5376666738202215E-5
6	6	1.2826110235728859E-5	2.1807041809286142E-5	1.9914006655383675E-5	0.9998577412677849	1.451403555581321E-5	5.011743082853959E-6	2.1587618717121355E-5	2.8544555087070635E-5	1.8053621071755275E-5
7	7	2.5763734481470846E-5	4.380368051381051E-5	4.00011515964016E-5	0.9997142456959205	2.9154260445458378E-5	1.0067059747881552E-5	4.336292659997861E-5	5.733728500994869E-5	3.6264205684597294E-5
8	8	9.88649880061187E-5	1.6809094006679486E-4	1.5349922875712723E-4	0.9989034549371777	1.1187569144296473E-4	3.86310354947568E-5	1.6639960411408275E-4	2.200243912189381E-4	1.3915918372150725E-4
9	9	4.27321498665004E-5	7.265349834150254E-5	6.634656191164291E-5	0.9995260432544938	4.8355731483659824E-5	1.6697389354438376E-5	7.192245671732896E-5	9.510055530751984E-5	6.0148402523644476E-5
10	10	2.7522392996991237E-5	4.67937639507498E-5	4.273167057206594E-5	0.9996947398187512	3.1144359684874914E-5	1.0754247405579136E-5	4.6322923729967064E-5	6.125118594741128E-5	3.8739636961133214E-5
11	11	2.9851158981904087E-5	5.075314807139876E-5	4.6347346756822375E-5	0.8463069429203243	3.3779592946167145E-5	1.1664201912594126E-5	0.15341221023465837	6.643386313632784E-5	4.201753321211772E-5
12	12	2.9851158981904087E-5	5.075314807139876E-5	0.11638990910046108	0.8833253489328665	3.3779592946167145E-5	1.1664201912594126E-5	5.0242468411850375E-5	6.643386313632784E-5	4.201753321211772E-5
13	13	5.5835617373881736E-5	9.493210491265909E-5	8.66911975302972E-5	0.8510055967004664	6.318362472730217E-5	2.181750850471544E-5	0.1484690884536827	1.2426237001375622E-4	7.859242278828687E-5
14	14	3.318559922977384E-5	5.64223865668942E-5	5.152444753544235E-5	0.9996319272805662	3.7552847925802525E-5	1.2967118973208446E-5	5.585466286387673E-5	7.385467206363042E-5	4.671098427522792E-5
15	15	7.13660767961894E-5	1.2133710001368861E-4	1.1080401635166342E-4	0.999208454673974	8.075790376519618E-5	2.788596348855579E-5	1.2011620256633405E-4	1.5882546407423577E-4	1.0045259897011748E-4
16	16	2.6867394614849063E-5	4.568013114689315E-5	4.1714710488180964E-5	0.9330655217389968	3.0403163045154045E-5	1.0498309825857016E-5	0.06668170338495935	5.9793484660163844E-5	3.781768226275029E-5
17	17	2.6489149523641966E-5	4.50370362126914E-5	4.1127441618256396E-5	0.9997061998720244	2.9975140628248653E-5	1.035051231089414E-5	4.458387223776299E-5	5.895169883079377E-5	3.728527661338341E-5
18	18	0.12681777277935377	7.156988698748359E-5	6.535701716254293E-5	0.8727574342474147	4.7634516113943024E-5	1.6448351371409703E-5	7.084974869243109E-5	9.368215091052373E-5	5.925130199320117E-5
19	19	6.196499248943832E-5	0.09890317920532264	9.620775513047448E-5	0.8895373631790316	7.011963001082839E-5	0.01100174874386969	1.0429324300870303E-4	1.3790331667800284E-4	8.721993445855567E-5
20	20	7.04750602767968E-5	1.1982218753172407E-4	0.13744612389248737	0.8618816339584982	7.974962883182968E-5	2.753780291643354E-5	1.1861653317804809E-4	1.5684250356213578E-4	9.919843271751672E-5
21	21	2.2391185138779883E-5	3.806964867030803E-5	3.476488207886138E-5	0.9997516517828016	2.5337881186749353E-5	8.749251735228476E-6	3.768659075250696E-5	4.9831664153195186E-5	3.151711348285309E-5
22	22	1.529337076705573E-5	2.6001895320771586E-5	2.3744711501857087E-5	0.9998303760456887	1.7305989345308912E-5	5.975813691496546E-6	2.574026348994714E-5	3.4035452393912074E-5	2.1526457800835645E-5
23	23	5.935854996296106E-5	1.0092181939736263E-4	9.216095427930483E-5	0.27375236557983934	6.717017777564533E-5	2.319407807336735E-5	0.7256891749817178	1.3210266933356762E-4	8.355118962060401E-5
24	24	2.530180175512151E-5	4.301829928041703E-5	3.9283948078125626E-5	1.4574318585332488E-4	2.863153704051276E-5	9.886561677657879E-6	0.999616211410265	5.630925204348713E-5	3.56140040062332E-5
25	25	5.998938553362106E-5	1.0199437042112091E-4	9.314039882809574E-5	0.3085443111888333	6.78840317605367E-5	2.3440574146577953E-5	0.6908912943207598	1.3350659619577618E-4	8.443913352112929E-5
26	26	3.917348812004562E-5	6.660303689498617E-5	6.0821331549459564E-5	2.256467351558144E-4	4.432874729516615E-5	1.53068587832657E-5	0.9994057997171072	8.718074061771908E-5	5.5139344476250064E-5
27	27	6.38472988743847E-6	1.085536215091305E-5	9.913025159965933E-6	3.677725735163773E-5	7.224964926810427E-6	2.494803589019858E-6	0.9999031536764436	1.4209239639963E-5	8.986940850721186E-6
28	28	1.0548981511562931E-5	1.7935451718419367E-5	1.637850323815231E-5	0.9998829976736194	1.1937235055873509E-5	4.121965595965073E-6	1.7754984678926097E-5	2.3476796810189468E-5	1.4848407771530972E-5
29	29	2.2493250105661895E-4	3.8243180236710713E-4	3.4923349641701124E-4	0.0012956539468305774	2.545337797658684E-4	0.7970555261395263	3.78583762392157E-4	0.1997424968031032	3.166077685412649E-4
30	30	7.516744630866812E-5	1.2780021489167007E-4	0.9988500197019705	4.329787737454916E-4	8.505953623606083E-5	2.9371330993543135E-5	1.2651428539347867E-4	1.6728542578211156E-4	1.0580328467846575E-4
31	31	9.015736348216331E-6	0.19327669698554747	0.8066007006568824	5.1932354498694834E-5	1.0202213727692433E-5	3.5228571600874403E-6	1.517438063156692E-5	2.0064554109731765E-5	1.269026109413435E-5
32	32	4.029197069302238E-5	6.850468874294224E-5	0.8708994456289376	0.1287162203831193	4.5594422978158566E-5	1.57439006607629E-5	6.781539256223048E-5	8.966992766129584E-5	5.6713684644607186E-5
33	33	1.1517577497815974E-5	1.9582265349389735E-5	0.9998237935721652	6.634343490990667E-5	1.3033298969665043E-5	4.500439984923725E-6	1.9385228023000755E-5	2.5632410708602555E-5	1.6211772391517168E-5
34	34	4.305811279498338E-5	7.320770277909615E-5	0.9993412576345718	2.4802291142378576E-4	4.872459136767206E-5	1.682475785681883E-5	7.247108473367059E-5	9.58259869931533E-5	6.060721747892831E-5
35	35	0.24353358754629592	0.3204458837488713	0.43579266218446094	1.0418167903080291E-4	2.046669684519728E-5	7.067216140427822E-6	3.044137836055302E-5	4.025157257618248E-5	2.5457977418671004E-5
36	36	4.117366444217958E-5	7.000375058612659E-5	0.9993700876478928	2.3716813083654622E-4	4.659214825803011E-5	1.6088418403657775E-5	6.929937080132701E-5	9.16321403142509E-5	5.795472846506947E-5
37	37	4.700198023092554E-5	7.991309361741102E-5	0.999280920745771	2.707403372522071E-4	5.318747459108492E-5	1.8365805764446835E-5	7.910900573335333E-5	1.046030783491717E-4	6.61584786904057E-5
38	38	1.4438396056668445E-4	0.9978123921630312	2.2417265241071884E-4	8.316790481077092E-4	1.6338499348901833E-4	5.6417362890692436E-5	2.4301256049545777E-4	3.2132703059143455E-4	2.0323022841710754E-4
39	39	1.9593211124191016E-5	3.331251379496067E-5	0.9997002451476743	1.1286061909636087E-4	2.217169178204114E-5	7.655956366960186E-6	3.297732230733947E-5	4.3604762783741496E-5	2.757877507006657E-5
40	40	3.639513916971818E-5	6.187926869035918E-5	0.9994431938951691	2.096429172715407E-4	4.118476562727296E-5	1.422123181783E-5	6.125663767989574E-5	8.099751490032216E-5	5.1228629673987164E-5
41	41	2.8089944204249623E-4	4.775871845980413E-4	0.7966492605885708	0.200671317161431	3.178660103868352E-4	1.0976015407324446E-4	4.727816883854302E-4	6.251427322816704E-4	3.9538503823053484E-4
42	42	2.6524700377806997E-6	4.509748002214605E-6	4.118263839525547E-6	1.5278731429013668E-5	3.001537000035817E-6	1.0364403642262461E-6	4.464370785983997E-6	5.903081738633833E-6	0.9999590353568026
43	43	3.042813536472003E-6	5.173412732947411E-6	4.724316874152583E-6	1.7527184152934336E-5	3.4432499835406836E-6	1.1889652757971456E-6	5.121357702795426E-6	6.771792617964632E-6	0.9999530069071234
44	44	6.129215563157503E-5	0.39100439201616644	9.516309876785E-5	0.022069731277751473	6.935824733916802E-5	0.5863742236259686	1.0316079168250769E-4	1.3640591579800807E-4	8.627287089433205E-5
45	45	3.049625775413594E-5	5.184994948964883E-5	0.9995334403747484	1.7566423943671396E-4	3.450958718020255E-5	1.1916271265661468E-5	5.13282337821675E-5	6.786953280563092E-5	4.292555353735131E-5
46	46	3.460991647363412E-5	0.07363553874460067	5.373586335460473E-5	1.9935969532145612E-4	3.9164606342049384E-5	0.9258535989407228	5.825193039296947E-5	7.702449528217566E-5	4.871580750955428E-5
47	47	0.263122714987463	0.7367323371016019	1.5902984509416968E-5	5.8999966662441725E-5	1.1590660112128878E-5	4.002292155017288E-6	1.7239502426337133E-5	2.279519261158636E-5	1.441731245808285E-5
48	48	2.4441128981287405E-4	0.9962968459173736	3.794765492055587E-4	0.0014078554713455617	2.765759911141631E-4	9.550257783368241E-5	4.113685004782233E-4	5.439382164774538E-4	3.4402548635898594E-4
49	49	3.4823432562541974E-5	5.9207042187958846E-5	0.9994672392994138	2.0058958856501038E-4	3.9406221301627246E-5	1.3607094751172895E-5	5.861129919867909E-5	7.749967611641086E-5	4.901634590280212E-5
50	50	7.078807641780597E-7	1.2035437975122908E-6	1.099066044964403E-6	4.077527710243541E-6	8.01038381218368E-7	0.9999883477281342	1.19143370463883E-6	1.5753912212504888E-6	9.9639024190322E-7
51	51	2.62777401747271E-6	4.467759656762909E-6	4.0799204365969775E-6	1.513647765940391E-5	2.9735909657160147E-6	0.9999567447813201	4.422804928491671E-6	5.8481206554093075E-6	3.6987703599726973E-6
52	52	3.099868073105962E-5	5.2704172528618225E-5	0.9995257538488238	1.7855829125213249E-4	3.507812938178246E-5	1.2112590713489842E-5	5.2173861603947494E-5	6.898767697235249E-5	4.363274799275652E-5
53	53	1.245810929071697E-5	2.1181364043678272E-5	0.9998094044571344	7.17610767529815E-5	1.4097605422100742E-5	4.86794842050111E-6	2.096823653948131E-5	2.7725567642402924E-5	1.753563475375331E-5
54	54	2.0009947386502247E-5	3.4021051685922454E-5	3.1067737459379397E-5	1.1526109915377622E-4	2.2643270835816383E-5	7.818794128497174E-6	3.3678730869329885E-5	0.2836368164088603	0.7160986829596205
55	55	2.7256598296126642E-5	4.634185795213341E-5	4.2318993825593046E-5	1.5700318537187615E-4	3.084358621045481E-5	1.0650389359060353E-5	0.17387903811306943	0.8257681817630436	3.836551287174851E-5
56	56	1.5460925684630322E-5	2.6286773356726892E-5	2.400485972157439E-5	8.905786976468626E-5	1.74955946103919E-5	6.041284998363489E-6	0.11232552323526987	0.8874743671538692	2.176230272458926E-5
57	57	1.4143767332292273E-5	2.404733156720651E-5	2.1959820367274503E-5	8.147078737423134E-5	1.600509727276439E-5	5.526611481605084E-6	0.7842979865608216	0.21551895171087673	1.9908312906353663E-5
58	58	1.1401260683260871E-5	1.9384502692472886E-5	1.770176436607861E-5	6.567342795602879E-5	1.2901674778763509E-5	4.454989729152318E-6	0.9998270607840035	2.5373547213778392E-5	1.6048048576918895E-5
59	59	4.857354997763235E-6	0.24611547864376798	7.5416005301097E-6	2.79792877616428E-5	5.4965864045325155E-6	1.8979889353510328E-6	8.175411386479312E-6	0.753821736069234	6.8370569821187E-6
60	60	8.263429743584396E-6	0.9998747981174892	1.2829922079699316E-5	4.759892550582233E-5	9.350903033505144E-6	3.228896843775283E-6	1.3908173820563047E-5	1.8390293018597218E-5	1.1631338465201247E-5
61	61	3.7603936392565234E-6	0.9999430250661983	5.83844225433335E-6	2.1660581896579335E-5	4.255264143293209E-6	1.469356372585469E-6	6.329116358631171E-6	8.368769752642642E-6	5.293009384455693E-6
62	62	2.2852190987973153E-6	0.9999653759102458	3.548064651408603E-6	1.3163296236963393E-5	2.5859555736839384E-6	8.929387632502582E-7	3.846250943056608E-6	5.085763435116701E-6	3.2166010518683464E-6
63	63	3.5255297896537234E-6	0.1648931369225751	5.4737892006686036E-6	2.030772149500894E-5	3.989492042378742E-6	1.3775844127296758E-6	5.9338171492467865E-6	0.8350612927207668	4.962422568480014E-6
64	64	3.900717003931892E-6	0.2771135021361865	6.056310366075204E-6	2.246887114077541E-5	4.414054163554866E-6	1.5241870764660213E-6	6.56529453253124E-6	0.7228360779054818	5.490524048434321E-6
65	65	1.1242309079688184E-5	1.9114252070806865E-5	1.745497377771981E-5	6.475783651612317E-5	1.2721805029984884E-5	4.392880127326594E-6	1.89219239077083E-5	0.9998355697060889	1.58243134018028E-5
66	66	3.0170260395857797E-5	0.20315653755654958	4.684278828698442E-5	1.7378643270836083E-4	3.414068833540939E-5	1.178888930999825E-5	5.077954781705756E-5	0.7964534871464769	4.2466690119792946E-5
67	67	2.266085543535433E-5	0.6383489002775302	3.518357613201113E-5	1.3053083322975837E-4	2.564304028805859E-5	8.854624152794585E-6	0.05222703882321419	0.3091692912772812	3.189669273635903E-5
68	68	3.2054883096621066E-5	0.44867567193095925	4.976888110204076E-5	1.8464221757297577E-4	3.6273328737327504E-5	1.2525296888815782E-5	5.395155519435085E-5	0.5509099924819084	4.5119424540243265E-5
69	69	1.4396273333461407E-5	2.4476644026197556E-5	2.2351864883919863E-5	0.005183728335161968	1.6290833245063772E-5	5.625277030355267E-6	0.5203061430138858	0.47440672402618467	2.0263732248591422E-5
70	70	9.406356329070221E-6	1.5992752437888365E-5	1.4604446640277154E-5	5.4182399812408E-5	1.064423957861108E-5	3.675490105780954E-6	1.5831832895346237E-5	0.9998624223969595	1.3240085240955406E-5
71	71	2.051911538157068E-5	0.050926374384632205	3.185827914786855E-5	1.1819400355536897E-4	2.3219445704773865E-5	8.017749160879977E-6	0.145438786116886	0.8034041488573486	2.8882048182821596E-5
72	72	6.257331861248967E-6	1.063875914092207E-5	9.715225118114326E-6	3.604342051313966E-5	7.080801228863714E-6	2.445023401200647E-6	1.053171163544595E-5	0.9999084801076227	8.807619478314151E-6
73	73	8.132471141077997E-6	1.3826883983289188E-5	1.262659383489541E-5	4.684457907117293E-5	9.20271018484065E-6	3.17772537727538E-6	1.3687757472451522E-5	0.9998810542735951	1.1447005339858918E-5
74	74	1.0729444757922121E-5	1.824227658473245E-5	1.665869311824847E-5	6.180364057039132E-5	1.2141447395081266E-5	4.192480772431482E-6	0.001918855666093494	0.9979422739286631	1.5102422044546652E-5
75	75	0.04105375959629701	1.5756443252754924E-5	1.4388651085491189E-5	5.3381799740721085E-5	1.0486960111492735E-5	3.6211810007512634E-6	1.5597901460141576E-5	0.9588199630175379	1.3044449513675895E-5
76	76	1.1636292126929246E-5	1.9784104787291612E-5	1.8066677628744833E-5	6.702725373126242E-5	1.3167636529242964E-5	4.546827175611877E-6	0.20204181853671985	0.7978075738000082	1.63788712929218E-5
77	77	9.631045093182113E-6	1.637476983700722E-5	1.495330170714302E-5	5.5476649788123064E-5	1.089849754547522E-5	3.7632861981765993E-6	1.6210006424227743E-5	0.9998591360934733	1.355634993319681E-5
78	78	6.399206171749382E-6	1.0879974830159468E-5	9.93550125106561E-6	3.6860643499992315E-5	0.8264487235003134	2.5004601299685345E-6	1.0770500205366844E-5	0.17346492289639454	9.007317203853425E-6
79	79	4.2630687591219115E-6	7.248099147555026E-6	6.6189030096611936E-6	2.4556086103253247E-5	4.824091670007064E-6	1.665774344098793E-6	0.4810904368101141	0.518854386608104	6.0005587481722895E-6
80	80	2.2741709206099198E-6	3.8665612126937326E-6	3.530911088098287E-6	1.3099656631274823E-5	0.9999642501969825	8.886217388686513E-7	3.8276557607414006E-6	5.061175674284629E-6	3.201049990879267E-6
81	81	4.3725188547166804E-5	7.434186961147706E-5	6.788836831533008E-5	2.518653945113404E-4	4.947945476800684E-5	1.7085414612865718E-5	0.6817414884782119	0.31769257965952613	6.154617189571851E-5
82	82	1.537669179123644E-5	2.6143558305457303E-5	2.3874076944658756E-5	8.857266653296111E-5	1.7400275476121734E-5	6.00837099522459E-6	2.5880501057539748E-5	0.9997751001210968	2.164373780001099E-5
83	83	4.441325883452528E-5	7.551173149854833E-5	6.895667632375956E-5	2.558288101107982E-4	5.025807559942619E-5	1.7354274886152635E-5	7.475193024879454E-5	0.9993504105649517	6.251467754633268E-5
84	84	1.0132396292804284E-5	0.17233968381121798	0.4092815662283144	5.836452796263019E-5	1.1465826923090872E-5	3.959186853995668E-6	0.05566284712052723	0.3626177188661186	1.4262035789274615E-5
85	85	1.1782020500190057E-5	0.7159530152671562	1.8292937636000188E-5	6.786667685194804E-5	1.3332542861102354E-5	4.603769861526967E-6	1.9830311887301262E-5	0.2838946924793722	1.6583993873493823E-5
86	86	4.951085606632375E-6	8.417870175825104E-6	7.687128046599751E-6	2.851919387903206E-5	0.9999221692909906	1.93461373601297E-6	8.333169320038477E-6	1.1018659066693209E-5	6.968989178571728E-6
87	87	1.2430674269533023E-5	2.11347188298916E-5	1.9300046981104105E-5	7.16030458178726E-5	1.4066559932422267E-5	4.857228313226218E-6	0.920532902432752	2.7664510902743957E-5	0.0792960407822012
88	88	0.10979884639423815	5.544450135686474E-5	5.06314510093186E-5	1.878423461867767E-4	3.690200033115869E-5	1.2742379208867582E-5	0.8897391148563217	7.257465900680988E-5	4.590141234025654E-5
89	89	0.2798822813806084	1.852395885983963E-5	1.691592299611294E-5	6.275796170486774E-5	1.2328925668938983E-5	4.257217622398443E-6	1.833757024428571E-5	0.7199692614410345	1.533562126073972E-5
90	90	5.187697688009275E-6	0.9999213995233711	8.05449543052868E-6	2.988212442781305E-5	5.870402430101826E-6	2.0270688093256137E-6	8.731410977310397E-6	1.1545240116364467E-5	7.3020367494773996E-6
91	91	1.8501470990940833E-5	3.145632962898157E-5	2.8725654908348513E-5	1.0657198848089067E-4	2.0936277863052558E-5	7.229363973745836E-6	3.1139815120699814E-5	0.9997293970223319	2.6042076701482316E-5
92	92	2.988048872143044E-6	0.9999547271102394	4.639288454009367E-6	1.7211729280244296E-5	3.381278250048287E-6	1.167566237227298E-6	5.029183327947825E-6	6.6499136578565E-6	4.205881681204086E-6
93	93	5.463880748768483E-6	9.28972804221163E-6	8.48330129676413E-6	3.147299133695014E-5	6.182931380040692E-6	2.134986059288555E-6	9.19625452708662E-6	1.2159886524906658E-5	0.9999156160400839
94	94	5.270034782901579E-6	8.960149783134643E-6	8.182333210302536E-6	3.0356401739747286E-5	5.963575145825127E-6	2.0592416472480025E-6	8.869992494086945E-6	0.9999229203393954	7.417931801368816E-6
95	95	3.592849643309135E-6	0.9999455635791822	5.5783109916944495E-6	2.0695496643904544E-5	4.06567123713141E-6	1.4038893332936987E-6	6.047123155985847E-6	7.995899978881774E-6	5.057179833633969E-6
96	96	4.003069339527563E-6	6.806046326451862E-6	6.215224101789751E-6	2.3058440042374377E-5	4.529876140035148E-6	1.5641807768559197E-6	0.999939279725954	8.908845408267668E-6	5.6345919106850285E-6
97	97	1.5216848601946572E-4	2.5871791803555274E-4	2.3625902067253663E-4	8.765193938990909E-4	1.7219396808305115E-4	5.9459130104153465E-5	2.561146907812434E-4	0.9977743799158303	2.141874765745775E-4
98	98	4.51233306284664E-5	7.671900050009912E-5	7.005914419363282E-5	0.9994995218588841	5.106159335149827E-5	1.7631732146086427E-5	7.594705167435995E-5	1.0042213681030063E-4	6.35141518114021E-5
99	99	1.0631312895329166E-4	1.8075432109590907E-4	1.650633215074816E-4	0.4902995534984982	0.508641595598194	4.15413620229144E-5	1.789355658330966E-4	2.3660025604899454E-4	1.496429478462465E-4
100	100	5.035641560015583E-5	8.561632795727993E-5	7.818410858573011E-5	0.9994414799412674	5.698335606441448E-5	1.9676535825988772E-5	8.475485396257328E-5	1.1206838649195416E-4	7.088007424453402E-5
101	101	3.525846683634724E-5	5.994669048529822E-5	5.474281214906024E-5	0.9996089364039604	3.989850639835269E-5	1.3777082375828925E-5	5.934350513322868E-5	7.846784647867756E-5	4.96286861827592E-5
102	102	4.117366444217958E-5	7.000375058612659E-5	6.392683460992449E-5	0.9995433289441195	4.659214825803011E-5	1.6088418403657775E-5	6.929937080132701E-5	9.16321403142509E-5	5.795472846506947E-5
103	103	3.917348812004562E-5	6.660303689498617E-5	6.0821331549459564E-5	0.9995655135770724	4.432874729516615E-5	1.53068587832657E-5	6.593287519075905E-5	8.718074061771908E-5	5.5139344476250064E-5
104	104	3.5039599459075784E-5	5.957457064856454E-5	5.440299545268654E-5	0.9996113639361617	3.965083591701872E-5	1.3691560963339653E-5	5.897512957717029E-5	7.798075633268109E-5	4.9320615487777886E-5
105	105	3.972485804151115E-5	6.754047986941872E-5	6.167739656713395E-5	0.9995593981465507	4.4952677894348456E-5	1.5522304022641624E-5	6.686088558657883E-5	8.840781638795412E-5	5.591543507967972E-5
106	106	3.460991647363412E-5	5.884402064891122E-5	5.373586335460473E-5	0.9996161296956663	3.9164606342049384E-5	1.3523664329790649E-5	5.825193039296947E-5	7.702449528217566E-5	4.871580750955428E-5
107	107	7.04750602767968E-5	1.1982218753172407E-4	1.0942061105020161E-4	0.7620003952083619	7.974962883182968E-5	2.753780291643354E-5	1.1861653317804809E-4	1.5684250356213578E-4	0.23731714046429078
108	108	3.279993345551723E-5	5.5766674935771864E-5	5.09256572043016E-5	0.9996362048302749	3.711642825862799E-5	1.2816421860763562E-5	5.5205549022354994E-5	7.299637147708162E-5	4.616813351059169E-5
109	109	5.174116355290918E-5	8.797068605541146E-5	8.033408854382706E-5	0.5044452364240625	5.855033784242191E-5	2.0217619665606455E-5	8.708552244069705E-5	1.151501481088915E-4	0.49505371400972764
110	110	1.3735714309285569E-4	2.3353556980089285E-4	2.1326271265749634E-4	0.9984765254096574	1.5543344178823372E-4	5.367166655550594E-5	2.311857280706699E-4	3.056888226872361E-4	1.9333950568968945E-4
111	111	5.422644636802756E-5	9.219618117911737E-5	8.419277505214286E-5	0.8456929866602786	6.136268566120159E-5	2.1188732398047237E-5	0.15379683795965685	1.2068115407401101E-4	7.632740533206541E-5
112	112	2.878556331192356E-5	4.894141490366654E-5	4.469288730856126E-5	0.9996807295690129	3.2573764120594206E-5	1.1247825347135694E-5	4.844896495621382E-5	6.406237608816786E-5	4.0517634950839565E-5
113	113	3.066191264725934E-5	5.213159709082037E-5	4.760613477524951E-5	0.9996599183431049	3.469704237625177E-5	1.1981000146787048E-5	5.1607047436942716E-5	6.823819837417029E-5	4.3158724047674934E-5
114	114	4.820618018667943E-5	8.196048275560155E-5	7.484562158167097E-5	0.9994653289304202	5.455014812599918E-5	1.8836341311678523E-5	8.113579398218458E-5	1.0728302974060083E-4	6.785347189537949E-5
115	115	3.760754163465288E-5	6.394060379169515E-5	5.8390020095015816E-5	0.999582882019853	4.255672112746813E-5	1.4694972457478125E-5	6.329723156718359E-5	8.369572100583534E-5	5.293516846759743E-5
116	116	5.2219826813664466E-5	8.87845126597379E-5	8.107726813492519E-5	0.34259191274895057	0.6568879914610315	2.040465511454748E-5	8.789116029794036E-5	1.1621541494066451E-4	7.350295205637695E-5
117	117	5.174116355290918E-5	8.797068605541146E-5	8.033408854382706E-5	0.3577842335177772	5.855033784242191E-5	2.0217619665606455E-5	8.708552244069705E-5	1.151501481088915E-4	0.6417147169160129
118	118	1.7587434483681485E-4	2.9902278403576223E-4	2.7306508436480384E-4	0.0010130696451763643	1.9901953494880648E-4	6.872208448138994E-5	2.960140080415368E-4	3.914089955824893E-4	0.9972838035185321
119	119	4.441325883452528E-5	7.551173149854833E-5	6.895667632375956E-5	0.8893536812714677	5.025807559942619E-5	1.7354274886152635E-5	7.475193024879454E-5	9.884186944432507E-5	0.11021623091169674
120	120	4.585647634386238E-5	7.796549994335224E-5	7.119743697199143E-5	0.9994913902914733	5.1891221569662786E-5	1.79182054338042E-5	7.718100880377645E-5	1.0205375527258973E-4	6.454610418767823E-5
121	121	4.904385565654186E-5	8.338470441424734E-5	7.614620878818224E-5	2.825019276924887E-4	5.549806228940221E-5	1.9163659116110357E-5	8.254568508086716E-5	1.0914727955251719E-4	0.9992425686174096
122	122	3.5070927451278435E-4	5.962783471874703E-4	5.44516357523376E-4	0.9961101646679089	3.96862866954983E-4	1.3703802230983212E-4	5.902785770272156E-4	7.805047689353398E-4	4.936471176402772E-4
123	123	2.2493250105661895E-4	3.8243180236710713E-4	3.4923349641701124E-4	0.0012956539468305774	2.545337797658684E-4	8.789133147626426E-5	3.78583762392157E-4	5.005881010906792E-4	0.9965261512786037
124	124	7.227991206525392E-5	1.2289080909251582E-4	1.1222285037816212E-4	4.163460278260998E-4	8.179200041208228E-5	2.8243040381271413E-5	1.2165427817899091E-4	1.6085920779691616E-4	0.9988837118738686
125	125	1.3098254026912658E-4	2.226974257541171E-4	2.0336541092500773E-4	0.9985472282883487	1.4821993665399113E-4	5.118082006965783E-5	2.2045663774612154E-4	2.915021208644764E-4	1.8436681936878424E-4
126	126	7.04750602767968E-5	1.1982218753172407E-4	1.0942061105020161E-4	4.0594973857410743E-4	7.974962883182968E-5	2.753780291643354E-5	1.1861653317804809E-4	1.5684250356213578E-4	0.9989115859340786
127	127	1.340941250358584E-4	2.279877638109538E-4	2.0819650301876494E-4	7.724076402181202E-4	1.5174100821109258E-4	5.239665738469521E-5	2.256937442667792E-4	2.984269641060891E-4	0.9979290555939476
128	128	4.441325883452528E-5	7.551173149854833E-5	6.895667632375956E-5	0.448738816334866	5.025807559942619E-5	1.7354274886152635E-5	7.475193024879454E-5	9.884186944432507E-5	0.5508310958482984
129	129	6.407515447475222E-5	1.0894102318527182E-4	9.948402354289006E-5	0.999289320762528	7.250749082915004E-5	2.5037069409172272E-5	1.0784485542533618E-4	1.4259948986889323E-4	9.019013073651671E-5
130	130	7.61819185750233E-5	1.295250276930713E-4	1.1828116284989197E-4	0.1354004734369201	8.620751378136912E-5	2.976773132616228E-5	1.2822174307805116E-4	1.6954313750913347E-4	0.863861798328267
131	131	7.722414843283034E-5	1.3129703414447173E-4	1.1989934419586178E-4	0.24669928865753596	8.738690183710275E-5	3.0174977808892316E-5	1.29975919548737E-4	1.718626238571215E-4	0.752552890392639
132	132	8.289446270799977E-5	1.4093774190370806E-4	0.5434862731374203	4.774878564613708E-4	9.380343354390104E-5	3.239062681111482E-5	1.3951962222467551E-4	1.8448192894758483E-4	0.45536221118997927
133	133	1.0245387153971604E-4	1.7419278480595854E-4	1.5907138190877936E-4	0.5632533967687372	1.1593687462749739E-4	4.003337508907675E-5	1.7244005191310727E-4	2.2801146460619786E-4	0.4357544634267725
134	134	6.196499248943832E-5	1.0535331110480634E-4	9.620775513047448E-5	0.41750330612887965	7.011963001082839E-5	2.4212533401042656E-5	1.0429324300870303E-4	1.3790331667800284E-4	0.5818966390892969
135	135	6.972975294171165E-4	0.0011855501081810946	0.9893321050524786	0.004016566267037967	7.890623851608915E-4	2.724657753223185E-4	0.0011736210683356894	0.0015518381937089337	9.814936203573319E-4
136	136	4.029197069302238E-5	6.850468874294224E-5	6.255790397810937E-5	0.9995531081080788	4.5594422978158566E-5	1.57439006607629E-5	6.781539256223048E-5	8.966992766129584E-5	5.6713684644607186E-5
137	137	1.3735714309285569E-4	2.3353556980089285E-4	2.1326271265749634E-4	7.912032442516332E-4	0.9978407556071941	5.367166655550594E-5	2.311857280706699E-4	3.056888226872361E-4	1.9333950568968945E-4
138	138	3.318559922977384E-5	5.64223865668942E-5	5.152444753544235E-5	0.9996319272805662	3.7552847925802525E-5	1.2967118973208446E-5	5.585466286387673E-5	7.385467206363042E-5	4.671098427522792E-5
139	139	0.0013783981509644036	0.0023435621209765265	0.002140121162814397	0.007939835267076208	0.0015597963377419598	5.386026840211367E-4	0.9790918651734076	0.003067630109907897	0.001940188993089949
140	140	0.387156534283937	5.303734753392137E-4	4.8433258440612936E-4	0.609695508733095	3.529987948964069E-4	1.2189161737786079E-4	5.250368419260766E-4	6.942378987458305E-4	4.390857702765852E-4
141	141	1.705601373530882E-4	2.8998753151952947E-4	2.6481416797206723E-4	0.9981082597560499	1.9300597394299824E-4	6.664558255618219E-5	2.8706966850024766E-4	3.795822074545657E-4	2.4007497465144048E-4
142	142	1.0062744050711589E-4	1.710874740642233E-4	1.5623563833022498E-4	0.9988839069796307	1.1387008395907204E-4	3.931970563468168E-5	1.6936598689883215E-4	2.2394673568491022E-4	1.416399552902199E-4
143	143	8.540280100105026E-5	1.4520243611131068E-4	1.325976399910988E-4	0.9990527686122502	9.664187095806957E-5	3.3370748364618614E-5	1.437414049544925E-4	1.9006424496289075E-4	1.2021024140619879E-4
144	144	1.2517337357645063E-4	2.1282064014912437E-4	1.943460136132702E-4	0.9986116597234242	1.4164627945180406E-4	4.8910915129338266E-5	2.1067923264661182E-4	2.785737992126672E-4	1.7619002279642315E-4
145	145	3.299163929188622E-5	5.609261453179509E-5	5.12233024943517E-5	0.9996340785559222	3.733336272076646E-5	1.2891330027129439E-5	5.552820900463493E-5	7.34230135147825E-5	4.6437972492437385E-5
146	146	6.556362799125692E-5	1.1147173620815023E-4	1.0179504933085393E-4	0.9992728115986816	7.419184852960511E-5	2.5618683531712193E-5	1.103501043397987E-4	1.459120931060897E-4	9.228525828091146E-5
147	147	9.551902696182904E-5	1.624021138331163E-4	1.4830424062120526E-4	0.998940566124237	1.0808939952182513E-4	3.732361673637868E-5	1.6076801901626747E-4	2.1257794271720406E-4	1.344495163551541E-4
148	148	3.082937703581159E-5	5.241632120870239E-5	4.7866142438280475E-5	0.9996580609388592	3.488654519862805E-5	1.2046436079858414E-5	5.1888906652427345E-5	6.861089098138307E-5	4.339444154568252E-5
149	149	5.87408437907084E-5	9.987159106807195E-5	9.120189462682775E-5	0.9993484854088008	6.647118102742265E-5	2.2952712251685907E-5	9.8866680199224E-5	1.307279619953777E-4	8.268172623984585E-5
150	150	5.3710471455466205E-5	9.131891704494327E-5	8.339166484383239E-5	0.9994042789719177	6.077880807951966E-5	2.0987117594226817E-5	9.04000634321342E-5	1.1953285002512434E-4	7.560113560705042E-5
151	151	4.087551006963236E-5	6.949682644870206E-5	6.346391576312576E-5	0.43471857469205716	0.5648743159397347	1.5971915965523908E-5	6.879754734939205E-5	9.09685966712283E-5	5.7535055940514045E-5
152	152	4.029197069302238E-5	6.850468874294224E-5	6.255790397810937E-5	2.320894073055976E-4	0.9993666131237513	1.57439006607629E-5	6.781539256223048E-5	8.966992766129584E-5	5.6713684644607186E-5
153	153	3.3019410795411783E-4	5.613983183519871E-4	5.126642093757991E-4	0.0019019808039357831	0.9948093724135226	1.2902181613318599E-4	5.557495120615141E-4	7.348481909711938E-4	4.647706276938252E-4
154	154	3.5070927451278435E-4	5.962783471874703E-4	5.44516357523376E-4	0.002020152061520885	0.9944868754733429	1.3703802230983212E-4	5.902785770272156E-4	7.805047689353398E-4	4.936471176402772E-4
155	155	2.1786240148766288E-5	3.704111699179522E-5	3.382563562488085E-5	1.2549288298822832E-4	0.9996575218745649	8.51287228631635E-6	3.6668408189810154E-5	4.848535687259905E-5	3.066561233260264E-5
156	156	1.0245387153971604E-4	1.7419278480595854E-4	1.5907138190877936E-4	5.901537679301052E-4	0.9983894325212207	4.003337508907675E-5	1.7244005191310727E-4	2.2801146460619786E-4	1.442107809864162E-4
157	157	3.525846683634724E-5	5.994669048529822E-5	5.474281214906024E-5	2.030954686455439E-4	0.9994457394417131	1.3777082375828925E-5	5.934350513322868E-5	7.846784647867756E-5	4.96286861827592E-5
158	158	1.4078292499227786E-4	2.393601080075029E-4	2.1858163182247802E-4	0.37492128358776416	0.6236765553737446	5.5010274942791465E-5	2.369516596035778E-4	3.133129127930536E-4	1.9816152632961507E-4
159	159	9.716321022070161E-5	1.6519756564269797E-4	0.2583480944488476	0.10383857352350749	0.6369964689406664	3.796607371851537E-5	1.635353429080224E-4	2.1623707855367852E-4	1.3676381593489122E-4
160	160	2.083293278859753E-4	3.542029718920298E-4	3.2345516651464886E-4	0.99768934887323	2.3574561707982147E-4	8.140371857086409E-5	3.5063897123452614E-4	4.6363767867271073E-4	2.9323767491954106E-4
161	161	1.4817405108505152E-4	2.5192655198471404E-4	2.3005720247462052E-4	0.7883559112662041	0.21016831401638422	5.789832318104636E-5	2.493916596541385E-4	3.297618908567973E-4	2.0856503817538052E-4
162	162	6.793068491729025E-5	1.1549622285314872E-4	1.0547017659175893E-4	3.91293653031657E-4	0.9989321345275216	2.6543600046363915E-5	1.143340964825284E-4	1.5117998692405912E-4	9.561705163154385E-5
163	163	0.3075457585288179	1.3988108088117445E-5	0.6923366000544043	4.739079579910195E-5	9.310015541082734E-6	3.2147782613496547E-6	1.3847359335623975E-5	1.830988014684039E-5	1.1580479605724858E-5
164	164	0.6358272201658568	1.9128943126462138E-6	0.364156692197726	6.480760885232807E-6	1.2731582903847734E-6	4.3962564585687706E-7	1.8936467141532111E-6	2.503902985127601E-6	1.5836475837875694E-6
165	165	0.9999432645132597	6.085348049800561E-6	5.5570885140620276E-6	2.061676139316806E-5	4.050203541440139E-6	1.3985482883038117E-6	6.0241170998320235E-6	7.965479873458186E-6	5.037939980197645E-6
166	166	0.999958013484026	4.503399508490801E-6	4.112466448601406E-6	1.5257223147278824E-5	2.9973116555604416E-6	1.0349813392110664E-6	4.458086170989625E-6	5.8947718114826E-6	3.728275892349624E-6
167	167	0.9999078594286425	9.882834861088372E-6	9.02492144138344E-6	3.348239846787727E-5	6.57768338413446E-6	2.271295193874304E-6	9.783393487813684E-6	1.2936239888742328E-5	8.181804632522198E-6
168	168	0.9999817060888924	1.962172578020952E-6	1.7918394489013778E-6	6.647712426999345E-6	1.3059562508799554E-6	4.509508869320658E-7	1.9424291401812096E-6	2.5684062851572962E-6	1.6244440906191416E-6
169	169	0.9074221071910852	0.09247940856891347	1.0805215011782261E-5	4.0087275762493994E-5	7.875224588559466E-6	2.719340338244261E-6	1.1713306411284679E-5	1.5488096417205845E-5	9.795781471671914E-6
