0	0	9.623914311903507E-6	1.9624501893298027E-5	2.4056638847464758E-5	0.9998952640266708	9.706826475351654E-6	3.1582249793379456E-6	3.160448125364974E-6	9.619124580510078E-6	6.32161161541669E-6	3.15365823011908E-6	1.6311024270503305E-5
1	1	4.5387776293162075E-7	9.255199837929282E-7	1.1345459934359714E-6	3.8247713069056825E-6	4.5778802086264984E-7	1.489464725058582E-7	1.4905131929820443E-7	4.5365187224936433E-7	2.9813637623300614E-7	0.9999913844593206	7.692515713551833E-7
2	2	2.1433991324710313E-4	0.83696043258402	5.357796959190326E-4	0.1611439992705576	2.1618649929771086E-4	7.033870482916208E-5	7.038821783511014E-5	2.1423323829364112E-4	1.407923679821598E-4	7.023699604418441E-5	3.632725119743486E-4
3	3	7.1644321282461E-5	0.6792053570708902	1.7908737616586314E-4	0.3201610386173131	7.226155305362875E-5	2.351110761887363E-5	2.3527657619534095E-5	7.160866457941003E-5	4.70606407039248E-5	2.347711088556438E-5	1.2142587988720595E-4
4	4	7.99396352815018E-6	0.5125671853072039	1.998229486713682E-5	0.48736211809508795	8.062833302876323E-6	2.6233333423691776E-6	2.6251799660694565E-6	7.989985007890356E-6	5.2509541393429475E-6	2.619540038988175E-6	1.3548513515327227E-5
5	5	0.13786935142035392	7.561571720932245E-5	9.269330808941062E-5	0.8617641696444375	3.740164462522331E-5	1.2169045014212206E-5	1.2177611080357926E-5	3.706371800088809E-5	2.4357978552401528E-5	1.2151448745049442E-5	6.284846389166094E-5
6	6	1.1069172707925803E-5	2.2571585087291534E-5	2.7669312251193122E-5	0.8990780404049442	0.10081265957380449	3.632507170552999E-6	3.6350641745464447E-6	1.1063663685058375E-5	7.2709511427099215E-6	3.6272546159084833E-6	1.8760510416229983E-5
7	7	4.104201310988269E-5	8.369038188374622E-5	1.0259161241036422E-4	0.9995533444032082	4.1395599186080255E-5	1.3468522973612128E-5	1.3478003771697959E-5	4.1021586887010065E-5	2.6959058277837235E-5	1.34490476774659E-5	6.955977061408433E-5
8	8	1.660198478208047E-5	3.385375962725112E-5	4.1499533257442425E-5	0.8856584010971531	1.674501457548926E-5	5.448178500561101E-6	5.452013596688612E-6	0.11417751509824661	1.0905261251917025E-5	5.440300510527315E-6	2.813775849854596E-5
9	9	3.4469145174763946E-5	7.028738856349262E-5	8.616159184049505E-5	0.9996248761831512	3.476610453101185E-5	1.1311542453440018E-5	1.131950490412971E-5	3.445199020627632E-5	2.26415719683578E-5	1.1295186121006017E-5	5.841979108580342E-5
10	10	4.480094299579478E-5	9.135536354007872E-5	1.1198770798932034E-4	0.9995124363934818	4.5186913089450326E-5	1.470206951990504E-5	1.4712418639317401E-5	4.477864598896702E-5	2.9428167421808696E-5	1.4680810532678039E-5	7.593056680087056E-5
11	11	1.1929717555939301E-4	2.4326355906294027E-4	2.982039298090221E-4	0.3557418001566678	1.203249472745514E-4	3.914907257124349E-5	3.91766304892886E-5	1.1923780248016498E-4	7.83621285748439E-5	3.909246355898068E-5	0.6431620921339517
12	12	1.7076170796272508E-5	3.482069096430358E-5	4.2684843238416315E-5	0.9998141619603916	1.7223285807716223E-5	5.603789415864211E-6	5.607734050036155E-6	1.7067672147106305E-5	1.1216737405801406E-5	5.595686414619837E-6	2.8941429368376245E-5
13	13	3.560972277951895E-5	7.26131851820559E-5	8.90126628938979E-5	0.9996124634058009	3.591650846564947E-5	1.1685839289993856E-5	1.1694065216696359E-5	3.559200015631381E-5	2.3390777374892358E-5	1.1668941729560858E-5	6.0352891110451475E-5
14	14	2.676479526889089E-4	5.457714588942504E-4	6.69032363280353E-4	0.9970872175368616	2.699537993621754E-4	8.783249958961688E-5	8.789432687354507E-5	2.675147468269453E-4	1.7580854855159768E-4	8.770549502169784E-5	4.5362127204931875E-4
15	15	2.5536320418817148E-6	5.207211454357001E-6	6.383245090293396E-6	2.1519138763481603E-5	2.5756321501932615E-6	8.380108385559218E-7	8.386007333476263E-7	2.552361123296837E-6	0.9999523673632034	8.367990865853011E-7	4.328005514507658E-6
16	16	0.21249092536602693	5.9627804509182175E-6	7.309457157913924E-6	0.6108597140819213	2.9493576684078153E-6	9.596066319945248E-7	9.60282120816691E-7	0.17662338406607905	1.9207816006569423E-6	9.58219054204548E-7	4.9560012877485905E-6
17	17	4.8430054863637615E-5	0.1981116042516622	1.2105930097241243E-4	4.081140328133143E-4	0.17105994382903078	1.5893014428844704E-5	1.5904201881327077E-5	4.8405951682058064E-5	3.181200366492922E-5	1.5870033351909656E-5	0.6301229633256485
18	18	2.9710944921023248E-5	6.058475542878878E-5	7.426764709427308E-5	0.9996766591395159	2.9966911323222385E-5	9.75007105926218E-6	9.756934354904655E-6	2.9696158063929074E-5	1.951607718342175E-5	9.735972592659871E-6	5.0355388462570916E-5
19	19	3.298981810641981E-5	6.727083460086861E-5	8.246375789610753E-5	2.7800108315172416E-4	3.327403273077291E-5	1.082608014065981E-5	1.0833700863442533E-5	3.297339938506311E-5	2.1669853925661002E-5	1.0810425779951125E-5	0.9994188870134193
20	20	8.607797881960757E-6	1.75524989476194E-5	2.151668003342237E-5	0.9999063223071019	8.68195597624418E-6	2.8247718554887826E-6	2.826760276316582E-6	8.603513862131888E-6	5.6541603873652495E-6	2.820687274830684E-6	1.4588866402788951E-5
21	21	2.328943478403338E-4	4.7490401743062243E-4	5.821597152710515E-4	0.9974654370962371	2.3490078447396045E-4	7.642760763011013E-5	7.648140675251901E-5	2.3277843851975482E-4	1.5298012500499398E-4	7.631709437670734E-5	3.947193664627893E-4
22	22	3.3193328434247605E-5	6.768582050829947E-5	8.297246716965404E-5	0.9996387607527533	3.3479296345362965E-5	1.0892864962310188E-5	1.090053269644007E-5	3.317680842771998E-5	2.18035327189834E-5	1.0877114031681974E-5	5.6257481952030544E-5
23	23	6.792952226203025E-7	1.3851775847517634E-6	1.6980159332021944E-6	5.724336128773214E-6	6.851475021296676E-7	2.2292043246590784E-7	2.2307735120254705E-7	6.789571437941883E-7	4.4620519576968424E-7	2.2259809263340918E-7	0.9999880342694127
24	24	2.5272453987095763E-6	0.9999563528971446	6.317287110554952E-6	2.1296781812044968E-5	2.5490181802182613E-6	8.293516846102086E-7	8.29935484027512E-7	2.5259876125081626E-6	1.6600588232306183E-6	8.281524536552775E-7	4.2832842957551684E-6
25	25	2.938641939533476E-5	0.14751718524863403	7.345643939694192E-5	0.8522229286682285	2.963958993791203E-5	9.64357337147682E-6	9.650361700987042E-6	2.9371794051534243E-5	1.930290775295892E-5	9.629628899043923E-6	4.9805368631309995E-5
26	26	1.1137910546785739E-5	2.2711751115908345E-5	2.7841134371695943E-5	0.9998787873765118	1.1233866124713497E-5	3.655064474439698E-6	3.6576373570297743E-6	1.1132367313744151E-5	7.31610261709682E-6	3.6497793022487506E-6	1.88770102645879E-5
27	27	8.762737453733552E-8	1.7868442317547493E-7	2.1903978299026083E-7	7.3842495755927E-7	0.2924350629871505	2.8756174896041578E-8	0.6513465367841825	0.056216912907365746	5.755934755347217E-8	2.8714593868691334E-8	1.4851464658939426E-7
28	28	0.20808027075941582	3.2287981940419456E-7	3.958012921180946E-7	1.3343217763651793E-6	1.5970537221226173E-7	0.7919168820122643	5.1998513159850484E-8	1.5826242236712328E-7	1.040087961379679E-7	5.188679974349537E-8	2.683635283785779E-7
29	29	7.923335482760699E-6	1.6156784770033784E-5	0.8776469240915539	6.676896002507268E-5	7.991596781158648E-6	2.600155740204227E-6	2.6019860486658814E-6	7.919392113412998E-6	0.017675549225692977	2.5963959513123045E-6	0.10456296807584058
30	30	1.0138802891529042E-6	2.067443143113701E-6	0.9999829565816704	8.543842759649553E-6	1.0226150934671035E-6	3.327193023009935E-7	3.3295351094663005E-7	1.0133756904945258E-6	6.659823856311257E-7	3.322381948359379E-7	1.7183679600413028E-6
31	31	3.1575351912504402E-6	6.438654099632499E-6	0.999946921551064	2.6608155292814103E-5	3.1847380595829665E-6	1.0361902850497597E-6	1.0369196828382405E-6	3.1559637157633107E-6	2.0740740715456068E-6	1.0346919683668742E-6	5.351526569158277E-6
32	32	2.2712250125441493E-6	4.631344182236665E-6	0.9999618205044286	1.9139329945129067E-5	2.2907921214527E-6	7.453349370995511E-7	7.458595952271573E-7	2.2700946452744955E-6	1.491888015125541E-6	7.442571931883158E-7	3.8493699239986775E-6
33	33	5.259258645142932E-6	1.0724360992210204E-5	0.9999115913918518	4.4319116741061513E-5	5.304568328736314E-6	1.725900863990983E-6	1.7271157646626986E-6	5.256641161713383E-6	3.454622460477862E-6	1.723405235442024E-6	8.913617954773077E-6
34	34	1.0705644259800993E-6	2.1830299942049835E-6	0.9999820037162611	9.021512911835516E-6	1.0797875767472299E-6	3.51321011653126E-7	3.5156831446289354E-7	1.0700316161613893E-6	7.032162061082524E-7	3.508130063761003E-7	1.8144386753008233E-6
35	35	6.322104774184334E-6	1.289165230379837E-5	0.9998937248533748	5.327558852711322E-5	6.376571113699133E-6	2.074689006231546E-6	2.0761494267689364E-6	6.3189583222596725E-6	4.152768788156445E-6	2.0716890348993637E-6	1.0714975328161399E-5
