0	0	6.160880136280273E-5	8.71692605005028E-5	2.0006076691332282E-5	6.148330672938418E-5	4.072653317174467E-5	3.641384785883185E-5	1.1395317269613751E-4	8.769924110012932E-5	0.9991434686742194	7.410825164279378E-5	1.1977999933543292E-5	7.903007295362663E-5	1.8235476113976485E-4
1	1	0.5563915249684244	1.688273097525542E-5	3.874728415851856E-6	1.1907937741141179E-5	7.887816176775013E-6	7.052545744276363E-6	2.2070174134316698E-5	0.26194337825926667	6.277939308795859E-5	1.4353106454592455E-5	2.3198699786890157E-6	0.18148065044170011	3.531802790000557E-5
2	2	3.934897112198976E-5	5.567419976182844E-5	1.2777695987879448E-5	3.926881886132051E-5	2.6011659734079845E-5	2.3257187546953426E-5	7.278083654434925E-5	5.601269346481597E-5	0.1526343704386966	4.733225430926941E-5	7.650237678033421E-6	5.047577601953735E-5	0.8469350392302732
3	3	2.470469497572508E-5	3.495425887679492E-5	8.022295701060899E-6	2.4654372512519886E-5	1.6331052660832516E-5	1.4601696256795606E-5	4.569441882818237E-5	3.516677736063496E-5	0.11000701232071529	2.9716886411052372E-5	4.8030935228696765E-6	3.169050205556257E-5	0.8897226476301228
4	4	4.0728559131587594E-5	5.7626155715066824E-5	1.3225686257320411E-5	4.064559670601165E-5	2.6923637172260462E-5	2.4072592274494435E-5	7.533255687049959E-5	5.79765171198176E-5	2.1428612983802865E-4	4.899173888155628E-5	7.91845755444311E-6	5.224547350808958E-5	0.9993400268989707
5	5	2.130635447429152E-5	3.014600385663273E-5	6.9187608295646184E-6	2.1262954293065933E-5	1.4084577740057966E-5	1.2593108989158518E-5	3.9408763638111654E-5	3.0329288619042633E-5	0.052078639752169954	2.5629076431353733E-5	4.142387237405323E-6	2.7331204490787808E-5	0.9476882077672306
6	6	1.5484345737991885E-5	2.1908541271017215E-5	5.028194048527698E-6	1.545280475278959E-5	1.0235935554523526E-5	9.152013956194542E-6	0.0355736449235545	2.2041743064551863E-5	0.6576640549597071	1.8625874308406132E-5	3.010470713890718E-6	1.986289209079665E-5	0.30662149730123966
7	7	3.0822596418489666E-5	4.3610375093701756E-5	1.000894700325388E-5	3.075981203780081E-5	2.0375294888220688E-5	1.8217678509725173E-5	5.701024163635373E-5	4.387552191965153E-5	1.621676543169225E-4	3.7076013185428297E-5	5.992537586930023E-6	3.953837746702452E-5	0.9995005449499365
8	8	1.2199523677524774E-4	1.7260901590438463E-4	3.961521745132384E-5	1.2174673741834965E-4	8.064502063696613E-5	7.210521700099422E-5	2.2564542690079644E-4	1.736584618813804E-4	0.6657499065319137	1.467461386388995E-4	2.371834714623702E-5	1.5649212854454043E-4	0.3329151165197873
9	9	5.27498324388186E-5	7.463485384400717E-5	1.712932519188884E-5	5.264238316633857E-5	3.4870306727320934E-5	3.117775919214265E-5	9.756740323830181E-5	7.508862647401654E-5	2.7753393893456714E-4	6.34519381974442E-5	1.0255636783546817E-5	6.766603169865282E-5	0.9991452319641129
10	10	3.15195190038022E-5	4.4596439179416485E-5	1.0235256984640766E-5	3.1455315020030186E-5	2.083599595951285E-5	1.8629594217052612E-5	5.829928699940647E-5	4.4867581178807176E-5	1.658343895706996E-4	3.79143303281973E-5	6.128033465699034E-6	4.043237055797815E-5	0.9994892518875347
11	11	3.180719303227949E-5	4.5003464340965976E-5	1.0328672674420699E-5	3.174240306816133E-5	2.1026163039609674E-5	1.8799623791954123E-5	5.8831376043863325E-5	4.5277081013629596E-5	0.07318217495579452	3.8260368862009164E-5	6.183963128632932E-6	4.0801390875765895E-5	0.9264697633443342
12	12	3.6852388186056804E-5	5.214182640786729E-5	1.1966986664248583E-5	3.677732136372451E-5	2.4361292164720276E-5	2.178158358802124E-5	6.816309459586905E-5	5.245884362548042E-5	1.9389234011851428E-4	4.432915422664175E-5	7.164851343951206E-6	4.727322821472505E-5	0.9994028370895002
13	13	6.891899111584644E-5	9.751232546517694E-5	2.237989688572878E-5	6.877860592194001E-5	4.5558938264579915E-5	4.073453145595248E-5	1.2747428164394236E-4	9.810519089072122E-5	0.24756043478612294	8.290156314685792E-5	1.3399249015480682E-5	8.840738295980227E-5	0.751685394257111
14	14	4.0967950794113034E-5	5.796486696623114E-5	1.330342333146906E-5	4.088450073741512E-5	2.7081887166891393E-5	2.421408458379194E-5	7.5775341648946E-5	5.831728770234439E-5	2.1554564684456777E-4	4.927969932186982E-5	7.965000146644098E-6	5.2552558537101336E-5	0.9993361477522186
15	15	8.807922523495788E-5	1.2462181959969272E-4	2.8601753255787317E-5	8.789981142007843E-5	5.8224821923558596E-5	5.205917720006153E-5	1.6291352764738395E-4	1.2537950810477774E-4	4.6341330744728077E-4	1.0594910538473142E-4	1.7124386949164877E-5	1.129856033884858E-4	0.9985727479524441
16	16	3.316949193501754E-5	4.693095822666945E-5	1.0771048694109834E-5	3.31019270232032E-5	2.192671150387002E-5	1.960480980247936E-5	6.13511180075691E-5	4.721629387411221E-5	1.7451543111271254E-4	3.9899056641410893E-5	6.448821652180096E-6	4.254891037438475E-5	0.9994625154211523
17	17	3.1662702610150246E-5	4.4799027264317766E-5	1.0281752649970655E-5	3.1598206967170566E-5	2.093064756390365E-5	1.87142228081322E-5	5.856412296213444E-5	4.50714009795002E-5	1.6658772485961674E-4	3.808656362109772E-5	6.155871261426006E-6	4.061604254323253E-5	0.9994869317139093
18	18	4.8358086839977565E-5	6.842104660073808E-5	1.570320429169742E-5	4.825958337543087E-5	3.196714080205343E-5	2.8582020392922216E-5	8.944432125014304E-5	6.883703988892622E-5	2.544275441178901E-4	5.816917695569494E-5	9.40179240859656E-6	6.20324214450417E-5	0.9992163966216309
19	19	7.648140616112897E-5	1.0821225976860852E-4	2.4835621587734648E-5	7.632561663402868E-5	5.055807703026534E-5	4.520429267209135E-5	1.4146191277119314E-4	1.088701797508341E-4	4.0239342810750325E-4	9.199827246120955E-5	1.4869535807401805E-5	0.10982715277307586	0.8890316366241722
20	20	7.404397381122154E-5	1.0476357758746622E-4	2.4044120090488774E-5	7.389314923510988E-5	4.894681098943107E-5	4.3763649634206964E-5	0.09574577429263478	1.0540052991848324E-4	0.07475198541972246	0.09569788703909758	1.4395649546358027E-5	9.498156955883113E-5	0.7332201202181736
21	21	2.764417200573645E-5	3.911327566167607E-5	8.976824950031534E-6	2.758786194686045E-5	1.827419562291292E-5	1.6339072524271416E-5	5.113134871851869E-5	3.93510805618153E-5	1.4544493490543795E-4	3.325273678664203E-5	5.374587447297596E-6	3.546118220172051E-5	0.999552048726667
22	22	1.888211850404385E-5	2.6715993011903083E-5	6.1315445606900315E-6	1.884365639331593E-5	1.2482035173501258E-5	1.1160265664149374E-5	3.492483643837537E-5	2.6878423643008236E-5	9.934493592817814E-5	2.27130013682038E-5	3.671066620087621E-6	2.422146138026605E-5	0.9996940306613143
23	23	6.824419840649789E-5	9.655757257007262E-5	2.2160773085308123E-5	6.810518773801349E-5	4.511286616037684E-5	4.033569559953372E-5	1.262261682503759E-4	9.714463319116017E-5	3.590548124518679E-4	8.208986568148055E-5	1.3268055633221302E-5	8.75417774640169E-5	0.9988941583937682
24	24	3.1237001958620955E-5	4.4196710547102827E-5	1.0143515909543057E-5	3.1173373450628936E-5	2.064923790615613E-5	1.8462612674266613E-5	5.777673643963241E-5	4.4465422235406505E-5	1.643479759701209E-4	0.08070674353676303	6.0731064248615044E-6	4.006996547627828E-5	0.9188246608042443
25	25	7.404397381122154E-5	1.0476357758746622E-4	0.01064724642180334	7.389314923510988E-5	4.894681098943107E-5	4.3763649634206964E-5	1.3695357721912622E-4	1.0540052991848324E-4	0.11724479462657388	0.13819069624594899	1.4395649546358027E-5	9.498156955883113E-5	0.7332201202181736
26	26	4.611830252920136E-5	6.525201331763204E-5	1.4975884562985962E-5	4.602436141459168E-5	3.0486530109869842E-5	2.7258197118891667E-5	8.530156043152275E-5	6.564873919262919E-5	2.426433140380213E-4	5.547497587310739E-5	8.966332933129039E-6	5.915928784131111E-5	0.999252690500637
27	27	7.599791443361659E-6	1.0752817542654874E-5	2.4678618491321915E-6	7.584310975958541E-6	5.023846454887911E-6	4.491852515483416E-6	1.4056763443589612E-5	1.0818193624271373E-5	3.9984962166538E-5	9.14166879178146E-6	1.4775535214111438E-6	9.74880307546201E-6	0.9998768515745955
28	28	1.2311624337789863E-5	1.7419510935869192E-5	3.997923920743714E-6	1.2286546057594807E-5	8.138606268905466E-6	7.276778733144575E-6	2.2771886861950698E-5	1.7525419862915088E-5	0.36746923536237425	1.4809457973115946E-5	2.393629355511101E-6	1.5793012492864937E-5	0.6323960402408253
29	29	2.773192498500443E-4	3.923743588132489E-4	9.005320762225473E-5	0.994962189812356	1.8332204779754503E-4	1.639093887397373E-4	5.129365881350396E-4	3.947599566348653E-4	0.0014590663172727588	3.335829345591888E-4	5.391648405417042E-5	3.557374930577123E-4	8.208321611073628E-4
30	30	9.276843249845535E-5	1.312565003669029E-4	3.0124468161124256E-5	0.9983147590562674	6.132462505138441E-5	5.4830730551116E-5	1.7158680213553087E-4	1.3205452708377435E-4	4.8808474434385225E-4	1.1158967855287457E-4	1.80360639019396E-5	1.1900078926990808E-4	2.7458358181563295E-4
31	31	1.0400947152218059E-5	1.4716125808463764E-5	3.3774743508547043E-6	0.8311879563059741	6.875552028969093E-6	6.147474042844924E-6	1.9237850774933266E-5	0.1686379046102663	5.472274883817615E-5	1.2511134640339802E-5	2.0221549769230512E-6	1.334204844184643E-5	3.078557270414907E-5
32	32	0.3068998298970252	7.037407026657452E-5	1.615143961013843E-5	0.6637021605208657	3.287961708847818E-5	2.9397871143796212E-5	9.199743735775783E-5	7.080193774811432E-5	0.028805884528557944	5.9829569259829534E-5	9.670159000274395E-6	6.380308695149421E-5	1.4721986512458943E-4
33	33	1.3825748269041605E-5	1.956181950986811E-5	4.489601713830806E-6	1.3797585779715719E-5	9.139518754592742E-6	8.171700842525297E-6	2.5572448177942436E-5	1.9680753464040703E-5	7.274173582021007E-5	0.8013915457458883	2.6880057424352536E-6	0.15275503343959956	0.04566375189643795
34	34	5.315209275117964E-5	7.520400521818704E-5	1.725995020781121E-5	0.8388923787364134	3.5136221135533066E-5	3.141551492654986E-5	9.831143392595218E-5	7.566123823302511E-5	2.7965036061412596E-4	6.39358107577755E-5	1.0333844342988751E-5	6.818204014434604E-5	0.16029937875132913
35	35	0.15669604860712855	3.090170006192141E-5	7.092199449458232E-6	2.1795971337345288E-5	0.22562529738078038	1.2908791449797491E-5	4.039665753204436E-5	0.10970303528274535	1.1490972509820544E-4	2.6271542872223845E-5	4.2462280758471545E-6	0.5076524507380797	6.464517538922832E-5
36	36	4.737208305732926E-5	6.702596637383977E-5	1.5383021673998972E-5	4.727558804255785E-5	3.1315342440890424E-5	2.7999243404320297E-5	8.762058410808261E-5	6.743347771035214E-5	2.492398591348116E-4	0.9991491413780563	9.210093284741092E-6	6.0767602958858735E-5	1.4021575975389813E-4
37	37	5.801895053946306E-5	8.209004073553958E-5	1.8840353137334725E-5	0.6243629763763228	3.835346024378101E-5	3.429206852170101E-5	1.0731329524719265E-4	8.258914017452285E-5	3.052564744114217E-4	0.3746528354417508	1.1280060159156538E-5	7.442511122436852E-5	1.7172922753195253E-4
38	38	1.7810854403097103E-4	2.5200279389585404E-4	5.783675566550639E-5	1.7774574413960076E-4	1.1773875430447912E-4	1.052709561172801E-4	3.2943399689111465E-4	2.53534946297396E-4	9.370866881927721E-4	2.1424394743618737E-4	3.462791161937014E-5	0.9968151887487567	5.271802126526791E-4
39	39	2.163706130204676E-5	3.0613915404661916E-5	7.026150455917798E-6	0.2638872898913216	1.4303191676586006E-5	1.2788573076194418E-5	4.002044721937571E-5	3.0800045023634475E-5	1.1383958152076781E-4	0.7357456758926665	4.206683348890235E-6	2.7755426097857394E-5	6.404314088609127E-5
40	40	4.298939273401685E-5	6.0824971288152025E-5	1.3959841271474758E-5	0.7031668581194408	2.8418162510659963E-5	2.5408856720676292E-5	7.95142509829645E-5	6.119478117951132E-5	2.261811070530856E-4	0.2220908553527792	8.358009438924347E-6	5.514560856320643E-5	0.07414029154603734
41	41	3.461891012313561E-4	4.898171572916021E-4	1.1241714748113109E-4	0.7950379711584418	2.2884850221266986E-4	2.0461487618286066E-4	6.403199797026972E-4	4.92795197821466E-4	0.0018214128924938758	4.164253882974557E-4	6.730617930908491E-5	4.440818409199426E-4	0.199697800578614
42	42	3.0461612762958465E-6	4.3099625369484235E-6	9.89172565602548E-7	3.0399563691357257E-6	2.0136666437475897E-6	0.9999434235946244	5.634255728072097E-6	4.3361666886939414E-6	1.602684024865632E-5	3.664179166202119E-6	5.922355046346243E-7	3.907531757946563E-6	9.016276889741785E-6
43	43	0.9999337198302658	5.162869297575479E-6	1.1849218236057433E-6	3.6415391710788055E-6	2.4121550016806334E-6	2.156722863512914E-6	6.749229410645411E-6	5.194259039216188E-6	1.919842243350916E-5	4.389290615828623E-6	7.094341256100835E-7	4.680800719137404E-6	1.08005252327427E-5
44	44	7.56512917648289E-5	1.0703774482178817E-4	2.456606055249943E-5	7.549719314713694E-5	5.00093294365868E-5	4.471365401878772E-5	1.3992651251884796E-4	0.22803762858766766	3.980259276336647E-4	9.099974099796877E-5	0.7706349816937783	9.704339274518448E-5	2.239188709167E-4
45	45	3.764862168146333E-5	5.326840383584859E-5	1.2225545636683455E-5	0.06485563675307057	2.4887642769598412E-5	2.225219695365222E-5	6.963582789048709E-5	5.359227053431516E-5	1.9808158220848896E-4	0.9345057214207642	7.319655276897426E-6	4.8294614604950967E-5	1.1143546477289059E-4
46	46	4.272587007783051E-5	6.045211749848618E-5	1.387426819826203E-5	4.263883921074172E-5	2.8243960708948572E-5	2.5253101800965773E-5	7.902683291792358E-5	6.081966047517984E-5	2.247946290798196E-4	5.139427259328086E-5	0.9011103693019765	0.09813394362628654	1.264635191756142E-4
47	47	0.3860345813250185	1.592833985684934E-5	3.6556876462189837E-6	1.1234774730054E-5	7.441913099022512E-6	6.653861015463515E-6	2.082253367814051E-5	0.4134970747491865	5.923043556029974E-5	1.3541716559090504E-5	2.1887263084639323E-6	0.2002943244591818	3.332147815951706E-5
48	48	3.012947280734617E-4	4.262968611286896E-4	9.783870653538007E-5	3.0068100291383943E-4	1.9917105130963072E-4	1.78080081839723E-4	5.572822295049608E-4	4.2888870445491106E-4	0.0015852090669564202	3.62422657685341E-4	5.857780305753202E-5	0.9946124603671918	8.917967393483314E-4
49	49	4.1210173256660754E-5	5.830758346890349E-5	1.3382079644445453E-5	0.6208522255041455	0.3784263882328249	2.4357250035871806E-5	7.622336234558381E-5	5.866208788791763E-5	2.1682005760610467E-4	4.957106488670714E-5	8.012093103756083E-6	5.2863274838387975E-5	1.2197723595518477E-4
50	50	8.664729176853227E-7	1.2259580093688515E-6	2.81367649730662E-7	8.647079474413524E-7	5.727824149137826E-7	5.121283371930889E-7	1.6026498786119205E-6	1.233411714461583E-6	4.558794420896938E-6	1.0422665529126672E-6	0.9999835633152745	1.1114875859012746E-6	2.564657296416424E-6
51	51	3.178111890101881E-6	4.4966572489641E-6	1.0320205684995128E-6	0.9999422660905577	2.100892672031401E-6	1.8784212691141005E-6	5.878314868159161E-6	4.5239964863447724E-6	1.6721075128679812E-5	3.822900470237466E-6	6.178893788934722E-7	4.076794369857445E-6	9.406835091339461E-6
52	52	3.6852388186056804E-5	5.214182640786729E-5	1.1966986664248583E-5	0.703243496182522	2.4361292164720276E-5	2.178158358802124E-5	6.816309459586905E-5	5.245884362548042E-5	1.9389234011851428E-4	0.29613136867471435	7.164851343951206E-6	4.727322821472505E-5	1.090787078541624E-4
53	53	1.3636403951223365E-5	1.929391940794934E-5	4.4281163925853465E-6	1.3608627148605042E-5	9.01435258563751E-6	8.05978898854577E-6	2.5222232214149944E-5	1.941122455563855E-5	7.174553409009229E-5	0.9997550740620765	2.6511933686172983E-6	1.7492403280888607E-5	4.036214193954508E-5
54	54	0.7301753105884335	0.014212635926710926	8.022295701060899E-6	2.4654372512519886E-5	1.6331052660832516E-5	1.4601696256795606E-5	4.569441882818237E-5	0.255233436798375	1.299793950007768E-4	2.9716886411052372E-5	4.8030935228696765E-6	3.169050205556257E-5	7.312297353100381E-5
55	55	3.0025918991251883E-5	0.2197435764706682	9.750243873911789E-6	2.9964757410219446E-5	1.9848650821953076E-5	1.7746802758431664E-5	0.21114090083928527	0.5686808653012582	1.5797607655792191E-4	3.6117702522830043E-5	5.837647344636312E-6	3.8516421613276594E-5	8.887316689393516E-5
56	56	1.9088970131486603E-5	0.9996611863706518	6.1987149881420595E-6	1.9050086672370404E-5	1.2618774559438457E-5	1.1282525203767683E-5	3.530743435787803E-5	2.717287395442119E-5	1.0043324927980436E-4	2.2961819915556747E-5	3.711282769809023E-6	2.4486804948810903E-5	5.650109256683302E-5
57	57	1.68711146388021E-5	0.806058579419316	5.478516151361442E-6	1.6836748861508516E-5	1.1152659924923153E-5	9.971662945501958E-6	0.1936731773085746	2.401578861473433E-5	8.87643938083427E-5	2.029399666102982E-5	3.280086701124867E-6	2.1641801028749507E-5	4.9936502773414594E-5
58	58	1.4077057695335984E-5	0.9997501437230271	4.57120881451262E-6	1.4048383298885956E-5	9.305646993739588E-6	8.32023713948528E-6	2.6037276348937838E-5	2.003848881158526E-5	7.406395603866784E-5	1.6933069804957278E-5	2.73686538951273E-6	1.8057661763023838E-5	4.1666424874377756E-5
59	59	5.926217941727782E-6	8.384906443856221E-6	1.9244063836524827E-6	5.914146475773169E-6	3.917529740036241E-6	3.5026878260067157E-6	1.0961280232865952E-5	0.9998948654510522	3.117975038612749E-5	7.128553726103891E-6	1.1521769056042093E-6	7.601989097561163E-6	1.754090378843878E-5
60	60	9.9552773169847E-6	1.4085555027904343E-5	3.2327530658196857E-6	9.93499882024658E-6	6.580941730979492E-6	5.884061134031924E-6	0.002875011289905548	0.8455671084949418	5.237793561094755E-5	1.1975045452293736E-5	1.9355077262263274E-6	0.15141245169653397	2.9466442733212063E-5
61	61	4.447625909971904E-6	6.292871358948469E-6	1.4442667781388978E-6	4.438566276107776E-6	2.940105636714201E-6	2.6287668261064143E-6	8.226439602716329E-6	0.6559810464041992	2.3400399217070693E-5	5.349978783197235E-6	8.647086402533664E-7	0.34394575542041794	1.3164446353628254E-5
62	62	2.763542724288563E-6	3.910090284327843E-6	8.973985284393327E-7	2.7579134996737417E-6	1.8268414892458097E-6	1.6333903937040897E-6	5.111517418745683E-6	3.933863251788889E-6	1.453989258781704E-5	3.3242217849873746E-6	5.372887288123435E-7	0.9999505842798867	8.179759421377748E-6
63	63	4.247078969398715E-6	6.009120853846809E-6	1.379143656367831E-6	4.238427841531032E-6	2.8075339676169804E-6	2.510233668163897E-6	0.8597794319016855	6.045655722389506E-6	2.234525686333699E-5	5.108744043850991E-6	8.257182494695538E-7	0.14015248033333594	1.2570851142610004E-5
64	64	4.737859302032944E-6	6.7035177211383405E-6	1.5385135638500119E-6	4.728208474502702E-6	3.1319645855633265E-6	2.8003091114339174E-6	0.7361757702150534	6.744274454888942E-6	2.4927411015685703E-5	5.699095934938923E-6	9.211358953519879E-7	0.2637482739920398	1.4023502847397814E-5
65	65	1.3247631842055871E-5	0.8154010368645508	4.3018713681828445E-6	1.3220646952479907E-5	8.75735456181589E-6	7.830005449151517E-6	0.18438833163959997	1.885781305954229E-5	6.970007821247793E-5	1.593536657921276E-5	2.575608189312328E-6	1.6993697130627535E-5	3.921142250438586E-5
66	66	3.482685962559741E-5	0.5646721812363168	1.1309241685858192E-5	3.47559187229154E-5	2.3022315358109785E-5	2.0584396056325175E-5	6.441662654673823E-5	0.22989606795441436	1.8323537887677445E-4	4.189267799357513E-5	6.771047529789986E-6	0.20490785296385333	1.0308338301982217E-4
67	67	2.648853881366991E-5	0.40667505914474866	8.601558985492072E-6	2.643458273280674E-5	1.7510263644202437E-5	1.5656036167360015E-5	4.899386079802726E-5	3.770605336290041E-5	1.3936477470531322E-4	3.186264391825295E-5	5.149908927482554E-6	0.5928887696930079	7.840294018809693E-5
68	68	0.1968720860181672	0.2927815846575157	1.1423399437696646E-5	3.510675193125062E-5	2.3254707222781326E-5	2.0792179075029324E-5	6.50668608835628E-5	5.007595826640434E-5	1.8508499350973405E-4	4.2315551080125134E-5	6.839395840407373E-6	0.5098022455997252	1.041239273449258E-4
69	69	1.7462885465233274E-5	2.4707943971272123E-5	5.6706804570351946E-6	1.7427314274731057E-5	1.1543850366217329E-5	1.0321428764091157E-5	0.6138618945868082	0.18292102314682507	9.187789163028358E-5	2.1005828418018096E-5	3.395138946305295E-6	2.2400908340532405E-5	0.20299126839573312
70	70	1.1185441097898411E-5	0.30974075193957307	3.6322211677704264E-6	0.06259806477085256	7.394142197825614E-6	6.611148754124513E-6	0.2567874667740813	0.370722957912822	5.885022535798336E-5	1.3454789985886408E-5	2.1746765034154943E-6	1.434837566112957E-5	3.3107581944966804E-5
71	71	0.007294529688615873	0.7451284799177195	8.226400453129955E-6	2.5281633682713416E-5	1.674655036604988E-5	1.497319535198438E-5	4.6856984803484475E-5	0.24718874087042472	1.332863551502526E-4	3.0472949009491622E-5	4.925294729255046E-6	3.24967777534453E-5	7.498338194017327E-5
72	72	7.501638174690514E-6	1.0613942127835707E-5	2.435988776176653E-6	0.4864822114646312	4.958962180822743E-6	4.433839080500471E-6	0.5133953882167898	1.0678473860478764E-5	3.946854605649252E-5	9.023601779060194E-6	1.4584705361945238E-6	9.622894766711809E-6	2.220396124000161E-5
73	73	8.911551836928402E-6	1.2608805338744334E-5	2.893826621272576E-6	8.893399366725648E-6	5.890986408924285E-6	5.267167768206713E-6	0.9998457014559872	1.268546564509124E-5	4.6886558098376945E-5	1.0719564598730041E-5	1.732586334246449E-6	1.1431493166943797E-5	2.6377138828558175E-5
74	74	1.2856654194410032E-5	1.8190664545440307E-5	4.174910144617766E-6	1.2830465710468991E-5	8.498898565529086E-6	7.598918327463489E-6	0.9997773942115387	1.83012620111988E-5	6.764301828319048E-5	1.5465065757617174E-5	2.499594208615955E-6	1.6492161776373043E-5	3.805417493633805E-5
75	75	1.0542535067355108E-5	1.4916456176613993E-5	3.4234518512465216E-6	1.0521060350361527E-5	6.969148800777556E-6	6.2311595015197065E-6	0.9423404232204188	1.5007146774921166E-5	5.5467688679247584E-5	0.05748972012014558	2.0496825379303663E-6	1.352367351837955E-5	3.1204656177191326E-5
76	76	1.4077057695335984E-5	1.9917393005250426E-5	4.57120881451262E-6	1.4048383298885956E-5	9.305646993739588E-6	8.32023713948528E-6	0.9997562636063707	2.003848881158526E-5	7.406395603866784E-5	1.6933069804957278E-5	2.73686538951273E-6	1.8057661763023838E-5	4.1666424874377756E-5
77	77	1.1614120905855746E-5	1.643262502000443E-5	3.7714253224417105E-6	1.1590463411904905E-5	7.67752122862384E-6	6.864519716743764E-6	0.9997989079816226	1.6532533776962274E-5	6.110564855353763E-5	1.3970442139142996E-5	2.2580205483837913E-6	1.4898274307868533E-5	3.4376423445796545E-5
78	78	7.901324803339226E-6	1.1179452040065272E-5	0.9998511442639754	7.88523012469296E-6	5.2231752539534365E-6	4.670073640577644E-6	1.4614487052604932E-5	1.1247422017803647E-5	4.157142675316605E-5	9.504378496005741E-6	1.5361777193484378E-6	1.0135601761848517E-5	2.3386986361181767E-5
79	79	5.010319654687948E-6	0.9999110709181948	1.6269889535668862E-6	5.000113836453113E-6	3.3120746566073137E-6	2.9613466516827232E-6	9.267211960695973E-6	7.1321178413720996E-6	2.6360913102418368E-5	6.026834178998196E-6	9.741077112906962E-7	6.427100009610777E-6	1.4829953247818317E-5
80	80	2.741800808344007E-6	3.879328011846832E-6	0.9999483462852727	2.7362158711314877E-6	1.8124689833481725E-6	1.6205398463496242E-6	5.071303029769261E-6	3.902913947692355E-6	1.442550133208982E-5	3.2980687785601398E-6	5.330616595953107E-7	3.5171065353426285E-6	8.115405923158514E-6
81	81	5.397530380472964E-5	0.7434926394041541	1.752726953729288E-5	5.386535829670489E-5	3.5680405270561424E-5	3.190207336295173E-5	0.2556491771020069	7.68330673071931E-5	2.8398154036775254E-4	6.492603829933008E-5	1.0493893260133686E-5	6.923803260287758E-5	1.5976051172942265E-4
82	82	1.8629773889497526E-5	0.21385373387977924	6.049601305837056E-6	1.8591825794530293E-5	1.2315222622571854E-5	1.1011117519747502E-5	0.7858500609426871	2.651921471990169E-5	9.801726924932765E-5	2.240946002700196E-5	3.6220057114283783E-6	2.3897760661279307E-5	5.5141926032637907E-5
83	83	5.4824415524095616E-5	7.757014668188462E-5	1.780299952718684E-5	5.47127404098848E-5	3.6241711055454596E-5	3.240394037351187E-5	0.5664348894093846	0.4326938982143487	2.8844899190600087E-4	6.59474213416824E-5	1.0658977791777849E-5	7.03272497219074E-5	1.6227378193336858E-4
84	84	0.1718990674725725	1.5551565770681465E-5	3.5692148320652187E-6	1.0969023746570446E-5	7.2658796873534845E-6	6.496468441841898E-6	0.59926316396057	1.56461177733594E-5	5.78293797420463E-5	0.0946305109706114	2.1369534707322918E-6	0.13405525971160892	3.253328117250236E-5
85	85	1.24213274896615E-5	1.7574728086855652E-5	4.033547559267381E-6	1.2396025748588706E-5	8.211125599827601E-6	7.341618720184155E-6	0.15506627291825653	0.8447363403128156	6.535262361260275E-5	1.4941418157457717E-5	2.41495787216394E-6	1.5933736673564433E-5	3.676565940761185E-5
86	86	5.881213764438744E-6	0.9998956132590298	1.9097922862774538E-6	5.869233970170745E-6	3.887779703049874E-6	3.4760881319927958E-6	1.0878039386213778E-5	8.371823059039768E-6	3.094296884552216E-5	7.074418913841067E-6	1.143427181203586E-6	7.5442589788817545E-6	1.7407696749536882E-5
87	87	1.451684336512426E-5	2.0539638378738707E-5	4.714019348769262E-6	1.4487273143074775E-5	9.59636756081597E-6	0.05207742383097571	2.6850714871845505E-5	0.28119242027468094	7.637781076730384E-5	0.6664986609131532	2.822368639161696E-6	1.8621806703332834E-5	4.296813841193983E-5
88	88	4.025807200202298E-5	5.6960471360689606E-5	1.3072906112468618E-5	4.0176067939676755E-5	2.6612621387742034E-5	2.3794511117638034E-5	0.32352414748422464	0.6758361132638834	2.1181074479415137E-4	4.84257973631173E-5	7.82698531862616E-6	5.1641945581060584E-5	1.1915912891479739E-4
89	89	1.3024830111103006E-5	1.842861383138392E-5	4.229521502290212E-6	1.2998299059630241E-5	0.34571668930227617	7.698318609704249E-6	0.6540664031085222	1.854065800558666E-5	6.852784620464156E-5	1.5667361904902152E-5	2.5322910161241796E-6	1.6707893208754282E-5	3.855195574751488E-5
90	90	6.113339741109107E-6	8.64966194168744E-6	1.9851699918745884E-6	6.1008871156269825E-6	4.041226711915023E-6	3.6132860616973774E-6	1.1307385371229936E-5	0.9998915458016283	3.2164258727515234E-5	7.35363957568473E-6	1.188557176782594E-6	7.84202378626148E-6	1.809476217028398E-5
91	91	2.2330260083090116E-5	3.159471074212619E-5	7.251251215372997E-6	2.2284774247604274E-5	1.4761431124948661E-5	1.3198287831074889E-5	0.47099352384643595	0.5286516269725255	1.1748672463521732E-4	2.686071627561027E-5	4.34145524461945E-6	2.8644642395292094E-5	6.609492724361417E-5
92	92	3.5851568952486334E-6	5.0725784047762375E-6	1.1641993061093365E-6	3.5778540758402872E-6	2.3699700041301087E-6	0.13065157817626893	6.63119544269657E-6	5.103419186597489E-6	1.886267062536779E-5	4.312528461759642E-6	6.970271796094042E-7	0.8692864335840128	1.0611640136150571E-5
93	93	6.656289189048776E-6	9.417872015883635E-6	2.1614806496819293E-6	6.642730597528898E-6	4.400143753197474E-6	0.999876372627284	1.2311638186375553E-5	9.475131758934397E-6	3.502089147803284E-5	8.006744869525468E-6	1.2941175562654076E-6	8.538504378833282E-6	1.9701828282590854E-5
94	94	5.916157591912608E-6	0.8606917620775562	1.9211395106490823E-6	5.904106618483157E-6	3.9108793400705885E-6	3.4967416618309336E-6	0.08573976173738761	0.05348283345714129	3.112681963010085E-5	7.116452290607248E-6	1.1502209696542795E-6	7.589083957999199E-6	1.751112634354539E-5
95	95	4.361352518653357E-6	0.25092387037833125	1.4162514289524054E-6	4.352468620193552E-6	2.8830745623278863E-6	2.5777749860405926E-6	8.066866190435345E-6	6.208322473336897E-6	2.2946486986247013E-5	5.2462018868369E-6	8.479353440258565E-7	0.7490043137993467	1.2909087325070533E-5
96	96	4.686884897206241E-6	6.631394890067005E-6	1.5219607689619467E-6	4.677337902474333E-6	3.098267926268506E-6	2.7701807177467337E-6	8.668978981641474E-6	6.6717131240409834E-6	2.4659218175968E-5	0.9999158180057224	9.112254376881372E-7	6.012206813929312E-6	1.3872624641511679E-5
97	97	1.5793019364115552E-4	0.4307347002847696	5.128428886736223E-5	1.5760849623237127E-4	1.0439984430584898E-4	9.334455331632297E-5	0.5667542793817097	2.2481135524068447E-4	8.309218568374751E-4	1.8997172925718262E-4	3.070483124316027E-5	2.0258850113868049E-4	4.674546834403723E-4
98	98	5.57006698141471E-5	7.880994419108106E-5	1.8087543458250286E-5	5.5587209805432916E-5	3.6820959452132736E-5	3.292184998541431E-5	1.0302534550614225E-4	7.92891009630796E-5	0.9992256079081652	6.700145375253563E-5	1.0829339389404071E-5	7.145128458278539E-5	1.6486739093444402E-4
99	99	1.1590902426578844E-4	1.6399773582811305E-4	3.763885641961086E-5	1.1567292227730016E-4	7.66217263969578E-5	6.850796447451059E-5	2.1438821673253392E-4	1.6499482606235994E-4	0.9983885466357368	1.394251299806325E-4	2.253506405321699E-5	1.4868490282363473E-4	3.430769949485267E-4
100	100	6.21582246903963E-5	8.794663035852074E-5	2.0184489596383223E-5	6.203161090390932E-5	4.10897297748534E-5	3.673858421173166E-5	1.1496939976025237E-4	8.848133729104395E-5	0.9991358301829522	7.47691442639625E-5	1.2084818966470889E-5	7.973485806065129E-5	1.8398098916971696E-4
101	101	4.170331383003614E-5	5.9005319801262656E-5	1.3542215987180926E-5	4.1618365868613875E-5	2.756799931991697E-5	2.4648720498122192E-5	7.713548742638835E-5	5.936406638910651E-5	0.9276213500344984	5.016425587401045E-5	8.107969628285972E-6	5.3495861978993834E-5	0.07192229638889967
102	102	5.082653127705187E-5	7.191360726425815E-5	1.6504776268817838E-5	5.072299969115088E-5	3.359890740074289E-5	3.0040993107718017E-5	9.401001753065175E-5	7.235083498054694E-5	0.9992933718031098	6.113842968359179E-5	9.881708048070156E-6	6.519887395878496E-5	1.504405176787867E-4
103	103	4.611830252920136E-5	6.525201331763204E-5	1.4975884562985962E-5	4.602436141459168E-5	3.0486530109869842E-5	2.7258197118891667E-5	8.530156043152275E-5	6.564873919262919E-5	0.9993588290969099	5.547497587310739E-5	8.966332933129039E-6	5.915928784131111E-5	1.365047177652369E-4
104	104	4.325618624989608E-5	6.120245296237858E-5	1.4046476483025112E-5	4.3168075150240886E-5	2.8594526516031153E-5	2.55665448801933E-5	8.000771891151847E-5	6.157455790549012E-5	0.9993986203636936	5.20321815196085E-5	8.40987950691435E-6	5.5487843934729506E-5	1.2803319228637787E-4
105	105	4.903854657202519E-5	6.938381767128148E-5	1.592416833065902E-5	4.893865703856073E-5	3.241695909483401E-5	2.8984205739962643E-5	9.070291650996913E-5	6.980566451365076E-5	0.9993182296947746	5.898769119294513E-5	9.534087574951902E-6	6.290529644140866E-5	1.451482945451688E-4
106	106	3.8693641242369097E-5	5.474698449831405E-5	1.2564892304967217E-5	3.861482386212589E-5	2.557845354453498E-5	2.2869855185245428E-5	7.156872208515707E-5	5.5079840822958364E-5	0.999462052253907	4.654396837359639E-5	7.522828264428363E-6	4.963513690549054E-5	1.145285990037151E-4
107	107	8.698007015130428E-5	1.2306664349338883E-4	2.824482729045733E-5	8.6802895270818E-5	5.7498224830528026E-5	5.140952219778794E-5	1.608805030421846E-4	1.238148766794702E-4	0.9987907384471829	1.0462694913867534E-4	1.6910688918563265E-5	1.1157563753089746E-4	2.574507142730673E-4
108	108	3.8909645648344206E-5	5.505260551214974E-5	1.2635034892000454E-5	3.8830388275873515E-5	2.572124337992528E-5	2.2997524469536424E-5	7.196824921168334E-5	5.5387319982741845E-5	0.9994590492001854	4.680379665332041E-5	7.56482389984381E-6	4.9912221406161E-5	1.1516794648305936E-4
109	109	6.0017302903569914E-5	8.491747600364073E-5	1.9489273255374307E-5	5.9895050088062273E-5	3.9674472210340234E-5	0.1291970884196857	1.1100949752702295E-4	8.543376597321E-5	0.8700039796420173	7.219386334604055E-5	1.1668580369824359E-5	7.69885425788011E-5	1.7764411404116821E-4
110	110	1.4480586643980523E-4	2.048833935164579E-4	4.702245791619425E-5	1.4451090275403725E-4	9.572400034688271E-5	8.558742700663886E-5	2.67836535378397E-4	2.0612906456065288E-4	0.9979868012683432	1.7418468387786338E-4	2.8153195975662788E-5	1.8575297580388284E-4	4.286082280803864E-4
111	111	6.693349339976128E-5	9.47030780231211E-5	2.173515102637422E-5	6.679715258429628E-5	4.424642387040462E-5	3.956100413261074E-5	1.238018556410979E-4	9.527886349828732E-5	0.999069440849803	8.051323938263891E-5	1.3013228008980834E-5	8.5860441193683E-5	1.9811521943572242E-4
112	112	3.553712781507834E-5	5.028088655239671E-5	1.153988535292925E-5	3.546474012485793E-5	2.3491838548625793E-5	2.1004199675590882E-5	6.57303562714876E-5	5.0586589437241515E-5	0.99950593644855	4.27470483522834E-5	6.909138064554668E-6	4.558604844865026E-5	1.0518569280629643E-4
113	113	3.785308532632355E-5	5.3557696020203016E-5	1.2291940620341304E-5	3.777598012444153E-5	2.502280357829162E-5	2.2373045077490213E-5	7.001400893795844E-5	5.388332158692717E-5	0.9994737382867017	4.553287697158525E-5	7.35940715439502E-6	4.855689493523222E-5	1.1204065296508878E-4
114	114	5.9504919469398783E-5	8.419251327004708E-5	1.9322888225108402E-5	5.9383710358196673E-5	3.933576084983936E-5	3.5170349633177076E-5	1.1006178037185694E-4	8.470439553692333E-5	0.9991727184032773	7.157752542617835E-5	1.1568962643059817E-5	7.633127122654228E-5	1.7612751971238027E-4
115	115	4.642548433604208E-5	6.56866397078426E-5	1.5075634966335766E-5	4.633091750453174E-5	3.0689592817945975E-5	2.7439756755370044E-5	8.586973154846914E-5	6.608600806889015E-5	0.9993545584272255	5.58444800046256E-5	9.02605530364322E-6	5.9553332199708684E-5	1.3741393956104902E-4
116	116	6.445753737896419E-5	9.119988934568385E-5	2.0931139830883902E-5	6.432623998564532E-5	4.2609691735024104E-5	3.809759170042375E-5	1.192222657483414E-4	9.17543757754617E-5	0.9991038634297942	7.753495108962065E-5	1.2531851965354872E-5	8.268435302729793E-5	1.9078668262316207E-4
117	117	5.3560535331498025E-5	7.57819037796865E-5	1.739258277661799E-5	5.345143469005646E-5	3.540622233549364E-5	0.5456249102018376	9.90668994903184E-5	7.624265036139883E-5	0.45366210837050025	6.442711987034236E-5	1.0413253860650032E-5	6.870597903304219E-5	1.5853284613308915E-4
118	118	2.1690783253099755E-4	3.0689925692840663E-4	7.043595454830292E-5	2.1646600006019857E-4	1.4338704602875974E-4	0.21796889535066694	4.01198126774028E-4	3.0876517446949795E-4	0.7791436940745153	2.609149972231965E-4	4.2171279852394025E-5	2.782433913653067E-4	6.420215150365776E-4
119	119	5.082653127705187E-5	7.191360726425815E-5	1.6504776268817838E-5	5.072299969115088E-5	3.359890740074289E-5	3.0040993107718017E-5	9.401001753065175E-5	7.235083498054694E-5	0.9992933718031098	6.113842968359179E-5	9.881708048070156E-6	6.519887395878496E-5	1.504405176787867E-4
120	120	5.6605389266430997E-5	8.00900165812513E-5	1.8381330812429522E-5	5.649008638083073E-5	3.7419024760489945E-5	3.345658391565893E-5	1.0469873712726064E-4	8.057695606849848E-5	0.9992130298262226	6.808972645631957E-5	1.1005235191620972E-5	7.261183376950809E-5	1.675452534471099E-4
121	121	5.7068860426832705E-5	8.074577415844578E-5	1.8531832678625794E-5	5.695261346924778E-5	3.7725402634603944E-5	3.3730518287834746E-5	1.0555598492323581E-4	8.12367005877867E-5	0.9992065863058376	6.864722857654366E-5	1.1095343380803219E-5	7.320636180459762E-5	1.6891707323390503E-4
122	122	4.3201982942625615E-4	6.112576161135514E-4	1.40288751744752E-4	4.311398225291227E-4	2.855869538893992E-4	2.5534508045508446E-4	7.990746312504861E-4	6.149740027853446E-4	0.9939937393833894	5.196698121955045E-4	8.399341285158336E-5	5.541831342556269E-4	0.001278727569113722
123	123	2.773192498500443E-4	3.923743588132489E-4	9.005320762225473E-5	2.767543617686337E-4	1.8332204779754503E-4	0.5571877532410687	5.129365881350396E-4	3.947599566348653E-4	0.43912065791553123	3.335829345591888E-4	5.391648405417042E-5	3.557374930577123E-4	8.208321611073628E-4
124	124	7.908477520729716E-5	1.1189572300023366E-4	2.5681007306031184E-5	7.892368272287787E-5	5.227903561851467E-5	4.674301250222258E-5	1.4627716896750825E-4	1.1257603807954954E-4	0.9989005047029162	9.512982386498314E-5	1.5375683526107765E-5	1.0144777070646658E-4	2.3408157558192435E-4
125	125	1.615916151045398E-4	2.2863326797734372E-4	5.247325338177303E-5	1.612624595285104E-4	1.068202290461093E-4	9.55086344405377E-5	2.9888387397475114E-4	2.3002333594122765E-4	8.50185780035927E-4	1.9437599516037606E-4	3.141668580086913E-5	2.0728527171308647E-4	0.9973815395978949
126	126	8.698007015130428E-5	1.2306664349338883E-4	2.824482729045733E-5	8.6802895270818E-5	5.7498224830528026E-5	0.9983845176725281	1.608805030421846E-4	1.238148766794702E-4	4.576302968525049E-4	1.0462694913867534E-4	1.6910688918563265E-5	1.1157563753089746E-4	2.574507142730673E-4
127	127	1.4185867870956367E-4	2.0071346699105042E-4	4.606542479023305E-5	1.4156971832585062E-4	9.377576022203084E-5	8.384549333407066E-5	2.6238534358496404E-4	2.0193378528878819E-4	0.28568391037178836	1.706395584230584E-4	2.758020293479693E-5	1.8197240458391346E-4	0.7127637497910232
128	128	5.196330553335833E-5	7.352201010746087E-5	1.687391821687285E-5	5.185745838433293E-5	3.4350372669245955E-5	3.071288290111323E-5	9.611262349408517E-5	7.396901675612086E-5	0.999277567522888	6.250583743676831E-5	1.0102720008460504E-5	6.665709665457574E-5	1.538052349495849E-4
129	129	7.908477520729716E-5	1.1189572300023366E-4	2.5681007306031184E-5	7.892368272287787E-5	5.227903561851467E-5	4.674301250222258E-5	1.4627716896750825E-4	1.1257603807954954E-4	0.9989005047029162	9.512982386498314E-5	1.5375683526107765E-5	1.0144777070646658E-4	2.3408157558192435E-4
130	130	1.008196666929953E-4	1.4264805669213508E-4	3.273892592028939E-5	1.0061430111481255E-4	6.664689799362981E-5	5.958940805417829E-5	1.8647856532995964E-4	1.4351534296010588E-4	0.7960918026623834	0.10137453809679585	1.960138704593712E-5	1.2932869066851238E-4	0.10155167799834819
131	131	1.0382322097094603E-4	0.22358204509822746	3.371426281862323E-5	1.0361173727433335E-4	6.863239925689496E-5	6.136465714349227E-5	1.9203401409322986E-4	1.4779085920052352E-4	0.7751214250887698	1.2488730856441755E-4	2.0185338886354014E-5	1.3318156734288218E-4	3.073044474510549E-4
132	132	1.0229940217099828E-4	1.4474170961997402E-4	3.321943683433043E-5	1.0209102243157135E-4	6.762507797274366E-5	6.046400488734845E-5	1.89215520906753E-4	1.456217250934897E-4	0.9985777577126993	1.2305433105817557E-4	1.988907762041862E-5	1.3122685457028977E-4	3.027941241346119E-4
133	133	1.36310125475021E-4	1.9286291201182665E-4	4.426365655126807E-5	1.3603246726954824E-4	9.010788595142008E-5	8.056602402368E-5	2.5212260139612964E-4	1.9403549970118943E-4	0.9981049153707293	1.639652915932676E-4	2.650145170438036E-5	1.748548733673795E-4	4.034618402255836E-4
134	134	7.648140616112897E-5	1.0821225976860852E-4	2.4835621587734648E-5	7.632561663402868E-5	5.055807703026534E-5	4.520429267209135E-5	1.4146191277119314E-4	1.088701797508341E-4	0.9989366986734414	9.199827246120955E-5	1.4869535807401805E-5	9.810824062159615E-5	2.2637591129254754E-4
135	135	8.56944792895001E-4	0.0012124768252919557	2.7827360486916186E-4	8.551992310553703E-4	5.664838426034333E-4	5.064967443229147E-4	0.985162479412948	0.0012198485661007214	0.004508663872960409	0.0010308053224711443	1.666074399321772E-4	0.0010992651699374247	0.002536455174612152
136	136	4.97384294790513E-5	7.037407026657452E-5	1.615143961013843E-5	4.9637114312448226E-5	3.287961708847818E-5	2.9397871143796212E-5	9.199743735775783E-5	7.080193774811432E-5	0.9993084994026574	5.9829569259829534E-5	9.670159000274395E-6	6.380308695149421E-5	1.4721986512458943E-4
137	137	1.694485358330468E-4	2.3974989343612975E-4	5.502461220024101E-5	1.691033760276733E-4	1.1201405096114665E-4	1.0015246307732552E-4	3.13416230145147E-4	2.4120754939826723E-4	0.9976442005713767	2.038269606978622E-4	3.294423046789997E-5	2.1736391315115323E-4	5.015476132274558E-4
138	138	4.298939273401685E-5	6.0824971288152025E-5	1.3959841271474758E-5	4.290182508194922E-5	2.8418162510659963E-5	2.5408856720676292E-5	7.95142509829645E-5	6.119478117951132E-5	0.9994023295253525	5.1711259823777856E-5	8.358009438924347E-6	5.514560856320643E-5	1.2724351505219022E-4
139	139	0.0016861979211634575	0.0023857731784090183	5.475549626246867E-4	0.0016827632042836175	0.0011146620945599642	9.96626345634383E-4	0.0031188336513591	0.0024002784465781656	0.008871632936968132	0.9697138916650729	3.2783105888878973E-4	0.0021630082354476645	0.004990946299010127
140	140	3.843712159325023E-4	5.438403914597937E-4	1.2481593301260187E-4	3.835882673314406E-4	0.49657103103697364	2.2718239388976177E-4	7.109425695632169E-4	5.471468879829037E-4	0.49833924358025095	4.623540494941493E-4	7.4729556444109E-5	4.930608056718394E-4	0.0011376933119931062
141	141	2.1036136602177303E-4	2.9763677118160636E-4	6.83101363511669E-5	2.099328684381426E-4	1.3905950062050544E-4	1.2433396865788995E-4	3.8908961935019186E-4	2.994463737130035E-4	0.9970754000119141	2.5304035631629434E-4	4.089851405143854E-5	2.6984576449433736E-4	6.226447488896571E-4
