0	0	5.6582731263300725E-6	0.23253611431109525	2.8188037458376274E-6	8.581971096076712E-6	1.4557297874068137E-5	0.767396537197661	2.8149732566467703E-6	2.442206744124344E-5	5.682525251007863E-6	2.8125794524325306E-6
1	1	2.6684498025519746E-7	6.807111215097464E-7	1.3293519296569922E-7	4.0472700001468196E-7	6.865242764083809E-7	3.536646898713103E-6	1.3275454654060077E-7	1.1517482381371962E-6	2.679887139679935E-7	0.9999927391190315
2	2	1.260967257528045E-4	3.2166782198342147E-4	6.281809219068278E-5	1.9125242482282976E-4	0.6380883923969473	0.36041346835880633	6.273272831124207E-5	5.442548763022236E-4	1.2663719339127665E-4	6.267938149203246E-5
3	3	4.213037155827717E-5	1.0747293220816955E-4	2.0988249685116932E-5	6.389964268384728E-5	1.0839073240651342E-4	0.9993910636536663	2.0959728627674543E-5	1.8184183628976497E-4	4.231094803469334E-5	2.0941904839615535E-5
4	4	4.699938598013195E-6	0.05943961360599478	2.3413865378179724E-6	7.128453558346601E-6	1.209174683398221E-5	0.9405044446311304	2.3382048137132084E-6	2.0285732916683818E-5	4.720083171156292E-6	2.3362164450764528E-6
5	5	0.13786951096275685	5.562079172588728E-5	1.0862112351839878E-5	3.307017538325542E-5	5.609578363900624E-5	0.8618371482264527	1.0847351762701652E-5	9.410915563125466E-5	2.1897312932750026E-5	1.0838127363748097E-5
6	6	6.508025094915115E-6	1.6601717809855466E-5	3.242127961300868E-6	9.870800155829263E-6	1.6743493600146744E-5	0.9999059354836769	3.2377222143135236E-6	2.808974120349842E-5	6.535919371575887E-6	3.2349689117509285E-6
7	7	2.413248394790381E-5	6.156102392214138E-5	1.2022172601066748E-5	3.660202946968248E-5	6.208674438779831E-5	0.9996511982671962	1.2005835599149885E-5	1.041598977889374E-4	2.4235919041336446E-5	1.1995626045725227E-5
8	8	9.761157581088666E-6	2.4900331712823407E-5	4.86275351842728E-6	1.4804865434179879E-5	2.5112976226333017E-5	0.8702643451906943	4.8561454937226E-6	0.12963670156820298	9.802995224018013E-6	4.852015912199797E-6
9	9	2.026727042602447E-5	5.170101520533182E-5	1.0096624273744775E-5	3.073961350206587E-5	5.214253290690642E-5	0.9997070645914834	1.0082903910912905E-5	8.747698001551268E-5	2.0354138691001495E-5	1.0074329585094097E-5
10	10	2.6343013686212992E-5	6.719999893998147E-5	1.3123400726240835E-5	3.995476658534231E-5	6.777387527413005E-5	0.999619248112177	1.3105567258868946E-5	1.1370091943008887E-4	2.645592340938168E-5	1.309442251280068E-5
11	11	7.016268467896012E-5	1.7898226802045826E-4	3.4953215225818005E-5	1.0641659009637121E-4	1.8051074554232427E-4	0.9989858952751398	3.490571709356743E-5	3.028340588782502E-4	7.046341144463081E-5	3.487603387988774E-5
12	12	1.0039970216208987E-5	2.5611571854430473E-5	5.001650684173283E-6	1.5227743920672366E-5	2.5830290235374655E-5	0.9998548860939359	4.994853911283201E-6	4.3334215979666716E-5	1.008300288784015E-5	4.990606374538719E-6
13	13	2.0937982767861495E-5	5.341197619094105E-5	1.0430755627841492E-5	3.175689100050303E-5	5.386810520254215E-5	0.9996973703707165	1.0416581211923421E-5	9.037188835243884E-5	2.102772579674157E-5	1.0407723132741249E-5
14	14	1.574833539452995E-4	4.017338845223909E-4	7.845408980743282E-5	2.3885690236172223E-4	4.051646222097365E-4	0.9977237955751905	7.834747807774796E-5	6.797248922163389E-4	1.5815834892155564E-4	7.828085274738124E-5
15	15	1.5013474303395802E-6	3.829878651286062E-6	7.479320396804107E-7	2.2771117555967395E-6	3.862585150620935E-6	1.9898203549953953E-5	7.4691567037917E-7	6.4800703991947726E-6	0.9999599096748467	7.46280506306043E-7
16	16	1.7191956201872716E-6	4.385600874309599E-6	8.564583126008738E-7	2.6075247326419306E-6	4.423053145031143E-6	2.278546837419115E-5	8.55294466301293E-7	7.420340171549124E-6	0.9999540924971644	8.54567138788318E-7
17	17	2.8477248421965865E-5	7.26443483864279E-5	1.4186620675741385E-5	4.319178615041829E-5	0.5131816035786165	0.4864800618359736	1.4167342392450657E-5	1.2291263888729496E-4	2.8599305764160277E-5	1.4155294731307323E-5
18	18	1.746927863449227E-5	4.456344743633179E-5	8.702737911827608E-6	2.64958656048053E-5	4.494401154727212E-5	0.9997475056993015	8.690911709470902E-6	7.540037241683263E-5	1.754415432783823E-5	8.683521109568543E-6
19	19	1.9397364628527568E-5	4.9481919494947314E-5	9.663259947604416E-6	2.9420216886924022E-5	0.9995124581606692	2.5708420443615624E-4	9.650128486135201E-6	8.372231890607675E-5	1.9480504359482323E-5	9.641922184997696E-6
20	20	5.060843268573731E-6	0.1871866605095544	2.5211798094669426E-6	7.675842025116934E-6	1.3020262774480776E-5	0.8127531020026204	2.5177537632150065E-6	2.1843458747074383E-5	5.082534727996759E-6	2.515612709279744E-6
21	21	1.3702003072863775E-4	0.17360232595914338	6.825979715885143E-5	2.078199332274715E-4	3.525176953280909E-4	0.8247667714432445	6.816703851413443E-5	5.914017150717573E-4	1.376073171311131E-4	6.810907045220628E-5
22	22	1.951703669808845E-5	4.9787198269935974E-5	9.722877444041734E-6	2.9601724958211718E-5	5.0212372306861155E-5	0.9997179081840815	9.709664968001701E-6	8.423884387551468E-5	1.960068935973542E-5	9.701408038077279E-6
23	23	3.993732640711377E-7	1.0187855968918011E-6	1.989573192415478E-7	6.057342465239596E-7	0.9999899619778524	5.29311892790836E-6	1.9868695495601636E-7	1.72376281095164E-6	4.0108503195101575E-7	1.9851799503109872E-7
24	24	1.485833910520822E-6	3.7903042681955826E-6	7.402036096806725E-7	2.25358221297649E-6	0.9999626544011753	1.9692594129448215E-5	7.391977425889665E-7	6.413111413863763E-6	1.4922023958243602E-6	7.385691417071685E-7
25	25	1.727844895753093E-5	4.407664838432239E-5	8.607671555675145E-6	2.6206431932129613E-5	4.4453055315800805E-5	0.9997502638787802	8.595974539555753E-6	7.457671913313841E-5	1.7352506729045517E-5	8.58866467256867E-6
26	26	6.548440276818521E-6	1.670481536025037E-5	3.2622617483405757E-6	9.93209834967638E-6	1.6847471585738284E-5	0.9999053513380286	3.2578286414301644E-6	2.826417999004305E-5	6.576507778420634E-6	3.255058240712249E-6
27	27	5.1518054140792284E-8	0.10512171412558415	0.7759129316264733	0.11896416205134917	1.3254285243496284E-7	6.827978035431601E-7	2.56300714728614E-8	2.2236066810088885E-7	5.1738867495730133E-8	2.5608276106614798E-8
28	28	0.40400705526176495	2.374748159478798E-7	4.6376149125504345E-8	1.411942111720706E-7	2.3950280968267877E-7	1.2338046857260122E-6	0.5959905048183519	4.018021628077798E-7	9.34913041886404E-8	4.6273744422948544E-8
29	29	4.658412836865251E-6	1.1883429186508674E-5	2.3206994892327967E-6	7.065470935564411E-6	1.198491161041107E-5	0.6332642431579533	2.317545876881507E-6	0.36668853241761	4.6783794249740064E-6	2.3155750762447075E-6
30	30	5.960841120845542E-7	1.5205872865330583E-6	2.969535210591779E-7	9.040879622681156E-7	1.5335728381924848E-6	7.900238649270717E-6	2.9654998915161467E-7	0.9999860569888239	5.98639009291169E-7	2.962978082074129E-7
31	31	1.8564013585350876E-6	4.735607353498354E-6	9.248106244405973E-7	2.81562633085526E-6	4.77604861883855E-6	2.46039333441875E-5	9.23553893777549E-7	0.9999565768918102	1.8643581460909424E-6	9.227685196366821E-7
32	32	1.33531177243288E-6	3.4063281734161417E-6	6.652174156245059E-7	0.0852669161484327	3.4354176251408803E-6	1.7697639409493292E-5	6.643134477183037E-7	0.9147038748400969	1.3410350994737871E-6	6.637485271362096E-7
33	33	3.0920817267823853E-6	7.887779706498093E-6	1.5403942791894535E-6	4.689797649122077E-6	7.955139976943627E-6	4.098110160863474E-5	1.5383010282333318E-6	0.999927673076333	3.1053348076919805E-6	1.5369928838396119E-6
34	34	6.294101595256769E-7	1.605600731820425E-6	3.1355568664285447E-7	9.546339803730593E-7	1.6193122835558104E-6	8.34192753626531E-6	3.131295939536451E-7	0.9999852774588172	6.321078966835481E-7	3.1286331400237404E-7
35	35	3.716973953182273E-6	9.481855367387744E-6	1.8516992496625357E-6	0.1210272502134516	9.562828767462102E-6	4.9263150431189064E-5	1.8491829645288065E-6	0.8788914435799566	3.7329054067766917E-6	1.8476104515527286E-6
