0	0	1.61591201647064E-4	9.81186414594404E-5	8.541547047943671E-5	0.9993884349088652	1.031590465593702E-4	1.0991286346444618E-4	5.336786752501598E-5
1	1	3.129358237478459E-5	0.7310330748500284	1.6541470292221195E-5	8.714151489593912E-5	1.9977672597922316E-5	0.26880163574464355	1.0335165167026425E-5
2	2	1.0320235706450491E-4	6.266476743392227E-5	5.455171935972586E-5	0.9996094158700464	6.58838887819326E-5	7.019730322951064E-5	3.408409408401702E-5
3	3	6.479230331031999E-5	3.934207254502528E-5	3.424855446514282E-5	0.9997547842303608	4.136309505561238E-5	4.4071134533973424E-5	2.1398609729124684E-5
4	4	1.068209513131458E-4	6.48619882482403E-5	5.646447158306116E-5	0.9995957207808405	6.819398196008924E-5	7.265863807652038E-5	3.527918797848563E-5
5	5	5.587920437591275E-5	3.3930013288558244E-5	2.953718075696919E-5	0.9997885171323168	3.567301553029872E-5	3.800852582609144E-5	1.8454927905359686E-5
6	6	0.04002993857500315	2.4658283794737852E-5	2.146583850137845E-5	0.9598569780832162	2.5924992521497896E-5	2.7622300305889752E-5	1.3411926657135795E-5
7	7	8.083850744613359E-5	4.908537375411986E-5	4.273041524530556E-5	0.9996940550681622	5.1606914661354076E-5	5.498561642609046E-5	2.6698104304762816E-5
8	8	3.2001372259206465E-4	1.94313250901443E-4	1.6915600847364445E-4	0.9987888621445563	2.0429522258653238E-4	2.1767041917810902E-4	1.0568923171189763E-4
9	9	1.3835300198262223E-4	8.400833992199481E-5	7.313199379752762E-5	0.9994763832102005	8.832389157131615E-5	9.410645172393584E-5	4.569311080205716E-5
10	10	0.09957611751185892	5.0195299488656744E-5	4.3696641717691975E-5	0.9001936859239719	5.2773857852000106E-5	5.6228959320990373E-5	2.730180578984561E-5
11	11	8.342097067133497E-5	5.065345283697213E-5	4.409547911715051E-5	0.9996842813655004	5.325554677356692E-5	5.674218438882811E-5	2.755100071178249E-5
12	12	9.665398697289206E-5	5.8688578318341435E-5	0.19040633833322984	0.8092789511004629	6.170344078548719E-5	6.574316154074386E-5	3.192139868976366E-5
13	13	1.8076735729178066E-4	1.0976245820872049E-4	9.555179188608021E-5	0.9993158599960299	1.1540101216653047E-4	1.2295630986293397E-4	5.970107455395772E-5
14	14	1.0744886631549602E-4	6.524326003998776E-5	5.679638108555984E-5	0.9995933443464076	6.85948398799669E-5	7.308574014159033E-5	3.5486566129776236E-5
15	15	2.3103123202454138E-4	1.402828272201331E-4	1.2212076633925234E-4	0.9991256291491868	1.47489228238692E-4	1.5714533961445779E-4	7.630145737610447E-5
16	16	8.699411194861634E-5	5.2823074476615825E-5	4.598420536076793E-5	0.9996707582995871	5.553662299324471E-5	5.917260253873943E-5	2.8731083094922463E-5
17	17	8.304199129725818E-5	5.042333547323855E-5	4.3895154463278125E-5	0.9996857156673254	5.301360816244861E-5	5.648440607061421E-5	2.7425837207678982E-5
18	18	1.2683319150482802E-4	7.701347793427265E-5	6.704273880242055E-5	0.9162560819039888	8.096969992399211E-5	0.08335017046363757	4.1888524208072996E-5
19	19	2.0060572381989434E-4	0.0769435132284761	1.0603815125014604E-4	0.9224190739939097	1.2806573001921014E-4	1.3645018607238673E-4	6.625298645258626E-5
20	20	0.19143926504896921	1.1792582989326136E-4	1.0265827259924628E-4	0.8080199249320694	1.239837404550699E-4	1.321009488838826E-4	6.414122712983837E-5
21	21	7.250199897796845E-5	4.4023421883757335E-5	3.832382141033069E-5	0.9997256057807574	4.628492771872119E-5	4.9315199301320704E-5	2.3944849950469855E-5
22	22	4.952103883022824E-5	3.006931691921405E-5	2.6176318928260494E-5	0.9998125805222277	3.1613993201892336E-5	3.368375953693708E-5	1.6355050355805136E-5
23	23	0.24498882948869194	1.0868762104934735E-4	9.461611116026637E-5	0.754512727087558	1.142709600692096E-4	1.217522733191389E-4	5.911645815202657E-5
24	24	0.9054240117733106	4.974535971476168E-5	4.330495450206185E-5	0.0943478550945764	5.230080444039799E-5	5.572493512946307E-5	2.7057078326335088E-5
25	25	0.3189359673604441	1.1792582989326136E-4	1.0265827259924628E-4	0.6805232226205946	1.239837404550699E-4	1.321009488838826E-4	6.414122712983837E-5
26	26	0.5162667892066394	7.344615358836367E-5	6.393726686735998E-5	0.48339638538580826	7.721912029082302E-5	8.227465169993805E-5	3.994821510595469E-5
27	27	0.6858625080464206	1.2102219691830883E-5	1.0535376086006541E-5	0.31408199095208605	1.2723916944746792E-5	1.3556951062707123E-5	6.582537708079207E-6
28	28	3.2288573545829916E-5	1.960571453574323E-5	1.7067412534939007E-5	0.9998777992599727	2.0612870179806828E-5	2.196239361692385E-5	1.0663775614028894E-5
29	29	7.276731946774888E-4	4.418452524670817E-4	0.9956043455860321	0.0020263114581748325	4.645430704432454E-4	4.949566788172801E-4	2.403247593880306E-4
30	30	0.01355535285484295	1.477526182322084E-4	0.9852180778298804	6.775965603965856E-4	1.5534274625873083E-4	1.655130270121433E-4	8.036436337686459E-5
31	31	2.7277513973129936E-5	0.18356575575441794	0.5670769653852501	7.595819046045065E-5	1.7413833830655897E-5	0.24922762052247155	9.008799596090017E-6
32	32	1.30453891414108E-4	0.47110377419409655	0.1499404082184881	0.15023471937923225	8.328113734578137E-5	0.22846427886589535	4.3084313527892074E-5
33	33	0.09723532352369826	2.2016954131349752E-5	0.8648924696526334	0.03779040314324506	2.3147976394172762E-5	2.466347309081282E-5	1.1975276806823088E-5
34	34	1.3940816455195286E-4	8.464903766275236E-5	0.785613165457238	0.2139329140808332	8.899750228469536E-5	9.482416369236923E-5	4.6041593737040126E-5
35	35	5.7280036417079835E-5	0.41053856157616575	0.23505152629539902	1.595045618906473E-4	3.6567299973286144E-5	0.3541376426568941	1.8917573260031203E-5
36	36	1.2424687173876123E-4	7.544305714873736E-5	0.6525938627157825	3.4598341905147983E-4	7.931860581462449E-5	0.3467401109763422	4.1034354121794104E-5
37	37	1.5217447133577603E-4	9.240077578534541E-5	0.9990807598912355	4.2375186713596795E-4	9.714745118339857E-5	1.0350768928146854E-4	5.025785404254152E-5
38	38	4.6725899408098963E-4	2.8372100239137254E-4	0.9971774292706925	0.0013011503798228971	2.9829589627636196E-4	3.1782531162266044E-4	1.5431914511318052E-4
39	39	5.674657042357984E-5	3.4456680442324566E-5	0.9996572110741684	1.5801904852684288E-4	3.622673784675711E-5	3.859850031108322E-5	1.8741388281022317E-5
40	40	1.1275105296067947E-4	6.846276298994458E-5	0.6415594003267304	0.06816491216405789	7.197973035309798E-5	0.289985256271769	3.723769113898989E-5
41	41	9.085057619396753E-4	5.516473063570064E-4	0.9448104023773721	0.052231454127589144	5.799857123414981E-4	6.179573439081019E-4	3.000473704924097E-4
42	42	7.988745884748917E-6	4.850789431520394E-6	4.2227700600733216E-6	2.224582057043931E-5	5.099976980651187E-6	5.433872183216838E-6	0.9999501580248894
43	43	9.569665311667443E-6	5.810728245298633E-6	5.058428036893502E-6	0.9999637822283713	6.109228345241582E-6	6.509199177187141E-6	3.160522512403064E-6
44	44	1.984280691677539E-4	1.204860931518027E-4	0.998801355849752	5.525517129380203E-4	1.2667552575461758E-4	1.3496896521373995E-4	6.553378402197065E-5
45	45	9.874244731152331E-5	5.995669743051925E-5	0.8319446547282446	2.749626533711234E-4	6.303670382898392E-5	0.16752603562642493	3.261114338840609E-5
46	46	1.1205983792454273E-4	0.08589438570845274	0.9134967376460105	3.1204685736480124E-4	7.153846199585718E-5	7.622208102981838E-5	3.7009407221896345E-5
47	47	2.9524498450648585E-5	0.7349319023194657	1.5606350470365287E-5	8.221524435008171E-5	1.884829792258587E-5	0.26491215239012084	9.750899219737203E-6
48	48	7.906204812406799E-4	0.9952862530601082	4.1791396862898654E-4	0.002201597299342227	5.047283156742393E-4	5.377728497656758E-4	2.6111402523989845E-4
49	49	0.4554058783058591	6.56290407201959E-5	5.713221572219691E-5	3.009761369117873E-4	6.900043831222551E-5	0.5440656874657568	3.56963967178156E-5
50	50	2.272369096822808E-6	1.3797890380297236E-6	0.9999862733032855	6.327741040585147E-6	1.4506695109007948E-6	1.545644761188334E-6	7.504832669791787E-7
51	51	8.3347966393278E-6	5.060912442978989E-6	4.405688979611267E-6	2.3209449043003862E-5	5.3208941193298E-6	5.6692527543872385E-6	0.9999479990060214
52	52	9.665398697289206E-5	5.8688578318341435E-5	0.7984856028284434	2.691470329180603E-4	6.170344078548719E-5	0.20099628273387216	3.192139868976366E-5
53	53	3.576304385063696E-5	2.1715422877682705E-5	0.590878099284927	9.958737804801604E-5	2.2830955324848207E-5	0.4089301926445124	1.1811270459395142E-5
54	54	6.479230331031999E-5	3.934207254502528E-5	3.424855446514282E-5	0.6736525105357215	0.3261436367896948	4.4071134533973424E-5	2.1398609729124684E-5
55	55	0.2241007279325844	4.781658115010949E-5	4.162588999301521E-5	2.1928782924386441E-4	0.7755109694634635	5.356431027901199E-5	2.6007993286098375E-5
56	56	0.8408693327172422	3.0398735304571333E-5	2.6463088353023676E-5	1.3940922827108076E-4	0.15888380923076612	3.40527752252293E-5	1.6534224837723734E-5
57	57	0.9997535772373094	2.6866737320671003E-5	2.3388369165722477E-5	1.2321141253114395E-4	2.8246895441445263E-5	3.0096218077812903E-5	1.4613130153780979E-5
58	58	0.12929849063817167	2.241716530157978E-5	1.9514871920044432E-5	1.0280558330492545E-4	0.8705194669938786	2.5111791117399266E-5	1.2192956305817139E-5
59	59	1.5541958829853733E-5	0.2270270726697335	8.21532182503027E-6	4.32788365570784E-5	0.7728901867540686	1.0571498828053892E-5	5.13296015783392E-6
60	60	2.610867816776983E-5	0.9998443378273925	1.3800782508982455E-5	7.270339778366958E-5	1.666765466968428E-5	1.7758885071966988E-5	8.622774405466116E-6
61	61	1.1664204996824236E-5	0.9999304570120372	6.165580473548269E-6	3.2480669081180685E-5	7.4463724143442084E-6	7.933885992366138E-6	3.852275004518821E-6
62	62	7.2475573303989E-6	0.9999567894432304	3.830985306705034E-6	2.0181873634736774E-5	4.626805769544875E-6	4.929722479858507E-6	2.393612248354208E-6
63	63	0.7787475722790134	0.22119715875919593	5.887567328615638E-6	3.1016078196426835E-5	7.110606881458376E-6	7.576137909158448E-6	3.6785714751031565E-6
64	64	0.6253862555756166	0.37455208868042367	6.567924057150691E-6	3.460024060441243E-5	7.932295868734106E-6	8.451622827649805E-6	4.103660601866829E-6
65	65	0.27943863845342004	2.1096303108869773E-5	1.836501839628296E-5	9.674808199465025E-5	0.7203900454626211	2.3632156425323984E-5	1.1474524033714296E-5
66	66	9.134120751940058E-5	0.3548424460520818	4.8282035995189464E-5	2.543528286514913E-4	0.6446712816431527	6.212945734932551E-5	3.016677525003685E-5
67	67	6.947097989151493E-5	0.6803399354207383	3.6721655459073997E-5	1.9345201059275038E-4	0.3192902225942081	4.7253527727548174E-5	2.294381138263403E-5
68	68	9.226328676420179E-5	0.5603222974840519	4.8769437733101163E-5	2.569204919277426E-4	0.32309531122172164	0.11615396677233886	3.0471305462588875E-5
69	69	0.5287087496795726	0.08521520407909733	2.4208766794351413E-5	0.13291964894992384	0.2530859108993017	3.1151908013557695E-5	1.5125717296563817E-5
70	70	0.35951060782051875	1.7812278949421625E-5	1.5506168493015046E-5	8.168747933782183E-5	0.6403447445670417	1.995338046917118E-5	9.688305190041974E-6
71	71	6.644084208968331E-5	0.003675119546190966	3.511995534593126E-5	1.850141527843129E-4	0.9959711699841216	4.5192455595548054E-5	2.1943063871987428E-5
72	72	0.9998904316096274	1.1945914130032151E-5	1.0399307007786475E-5	5.4784209052603065E-5	1.2559581885809505E-5	1.3381856996817316E-5	6.49752129945979E-6
73	73	0.9998698381563103	1.419115679656444E-5	1.2353863816256314E-5	6.508093831737284E-5	1.4920163823438889E-5	1.5896986099508013E-5	7.71873483652798E-6
74	74	0.9998122146821812	2.0473671958831583E-5	1.7822997717800077E-5	9.389268267442569E-5	2.1525415022337438E-5	2.2934682718340914E-5	1.1135867727043742E-5
75	75	0.9998460155807608	1.6788461009051442E-5	1.4614901657669019E-5	7.699222910694689E-5	1.76508928897963E-5	1.8806495842370925E-5	9.131438733284143E-6
76	76	0.999794388885432	2.241716530157978E-5	1.9514871920044432E-5	1.0280558330492545E-4	2.3568746618151105E-5	2.5111791117399266E-5	1.2192956305817139E-5
77	77	0.9998303636306517	1.8494946349718952E-5	1.61004526811168E-5	8.481820614233347E-5	1.9445041260507002E-5	2.07181070047656E-5	1.0059615909807445E-5
78	78	0.06577140735498795	1.2582401129873906E-5	1.0953389654436267E-5	5.770315158634627E-5	0.9341264151366	1.409485207777164E-5	6.843713963602934E-6
79	79	1.313992237513467E-5	7.978598582035747E-6	6.945629714337839E-6	3.6590017968250064E-5	0.9999220685235074	8.937655511133698E-6	4.339652341572408E-6
80	80	7.190537542990567E-6	4.366115035286984E-6	3.800845225323884E-6	2.0023093773923835E-5	0.9999573536896565	4.8909381398430625E-6	2.374780626151417E-6
81	81	0.2944412580690454	8.59602053253474E-5	7.483115615098128E-5	3.942152779174415E-4	0.704860687599983	9.629293853611163E-5	4.67547530417313E-5
82	82	0.7511446008378652	0.07219900917242937	2.5826480464227916E-5	0.002808994119848388	0.1737721993328279	3.3233586434617384E-5	1.6136470130245873E-5
83	83	0.46427188024999644	8.731263059722456E-5	7.600848636231954E-5	4.004175281610017E-4	0.5350190828217385	9.780793030569445E-5	4.749035283880818E-5
84	84	0.5109730612751933	0.28072143496107427	1.523718497013695E-5	8.027045707489356E-5	1.840244472043865E-5	0.20818207343356865	9.520243398251853E-6
85	85	3.257628890851284E-5	0.7271368691163321	1.7219495957905308E-5	9.071339711694253E-5	0.21566091353825642	0.05705094936559	1.0758797838036552E-5
86	86	1.5423930596543192E-5	9.365454929921992E-6	8.152933297837462E-6	4.2950169837877235E-5	0.9999085223146384	1.0491217098847214E-5	5.093979600381997E-6
87	87	0.29996304005747076	2.311752650818048E-5	2.0124559142345335E-5	1.0601745427077197E-4	0.30828052208863616	2.58963383199685E-5	0.39158128197565173
88	88	0.5430813019995455	6.411265879179497E-5	5.5812155905689746E-5	2.9402197805338253E-4	6.74061590638896E-5	0.36975741250688987	0.08667993254174988
89	89	0.6279306101347104	2.074149166639409E-5	1.805614348892832E-5	9.512090938757652E-5	2.180699276608737E-5	0.3719023827900071	1.1281537973402512E-5
90	90	1.6032705837122364E-5	0.8078193816711096	8.474725716362044E-6	9.217459861618263E-4	0.19121816457413862	1.090530047230005E-5	5.2950365642549385E-6
91	91	0.5767596830087305	3.556063633928534E-5	3.095669118822647E-5	1.6308181308262578E-4	0.42295154085218506	3.983515577194769E-5	1.9341842702181592E-5
92	92	9.402304959953926E-6	0.28959687448050575	4.969963052194419E-6	2.618208065511155E-5	6.0023863010050675E-6	6.395362190397313E-6	0.7103501734223356
93	93	1.745665106492898E-5	1.0599728632895193E-5	9.227408723421426E-6	4.861057454494107E-5	1.1144242146988252E-5	1.187385504587514E-5	0.999891087539841
94	94	0.1468596299657637	9.421101366600548E-6	8.201375331876098E-6	4.3205365546371944E-5	0.8530638643932064	1.0553552442121014E-5	5.12424634293701E-6
95	95	1.1437945181238656E-5	0.9999318059924123	6.045981829551281E-6	3.1850615837225773E-5	7.301929235429762E-6	7.779986126751764E-6	3.777549377496262E-6
96	96	0.9999315440675874	7.463545713437873E-6	6.497259430784162E-6	3.422797486972556E-5	7.846951897196768E-6	8.360691391154817E-6	4.05950911036926E-6
97	97	0.9976926109710642	2.515677296210441E-4	2.189978954397537E-4	0.0011536948064778123	2.644908933389583E-4	2.818070970675691E-4	1.3683060699056578E-4
98	98	1.4609333433398416E-4	8.870829194301492E-5	7.722345498303701E-5	0.9994470888116712	9.326528254607442E-5	9.937135528448274E-5	4.824946923813904E-5
99	99	3.040449955811663E-4	1.8461699402498152E-4	1.6071510131600926E-4	0.9988492980834577	1.9410086400499838E-4	2.0680863652063858E-4	1.0041532509461707E-4
100	100	1.6303243500710919E-4	9.899376249246868E-5	8.617729181787687E-5	0.9012738828360581	1.0407912301016946E-4	0.09821999069560565	5.3843856008593936E-5
101	101	1.0937769854345395E-4	6.641445250518011E-5	5.781594224079382E-5	0.9995860444040515	6.982619710474772E-5	7.439771425377255E-5	3.612359130051833E-5
102	102	1.3330804428684373E-4	8.094502712844748E-5	7.046528032091795E-5	0.9994954765765567	8.51032148232989E-5	9.067491745258904E-5	4.402693943113272E-5
103	103	1.2095817918152201E-4	7.344615358836367E-5	6.393726686735998E-5	0.999542216413266	7.721912029082302E-5	8.227465169993805E-5	3.994821510595469E-5
104	104	1.134508481195436E-4	6.888768061904675E-5	5.9968967800531256E-5	0.9995706289849797	7.242647621945374E-5	7.716823349407639E-5	3.746880876762463E-5
105	105	1.2861806511669103E-4	7.809725831456406E-5	6.798620489308429E-5	0.9995132264757429	8.210915466009168E-5	8.748483634095784E-5	4.247800493162656E-5
106	106	1.0148346448581962E-4	6.16210509263634E-5	5.3643130174080155E-5	0.9996159212656732	6.478655602032322E-5	6.902812815447326E-5	3.3516404565689355E-5
107	107	2.2814766990150368E-4	1.3853192002226275E-4	1.2059654464348265E-4	0.9991365424038355	1.4564837603711617E-4	1.5518396692405025E-4	7.534911863603776E-5
108	108	1.0205003113592206E-4	6.19650718225363E-5	5.394261155971993E-5	0.999613777012883	6.514824944695272E-5	6.941350162915185E-5	3.3703521522668244E-5
109	109	1.574164404938718E-4	9.55837145042988E-5	8.320873407049519E-5	0.9994042348915319	1.0049389910216501E-4	1.0707322895495291E-4	5.198909134227081E-5
110	110	3.798665619770966E-4	2.3065606677316424E-4	2.0079361239943685E-4	0.9985623404849605	2.4250498761022854E-4	2.5838177534250555E-4	1.2545651093711824E-4
111	111	0.1730528728687278	1.065998850509464E-4	9.279866903216691E-5	0.8168539628841814	1.1207597599830046E-4	0.009723708802690084	5.798091431924811E-5
112	112	9.320417243082805E-5	5.6593841026309594E-5	4.9266780354871934E-5	0.9996472554345421	5.950109576089073E-5	6.339662911277345E-5	3.078204677214587E-5
113	113	9.927874105286764E-5	6.028233652960112E-5	5.247773572572435E-5	0.9996242653578853	6.337907117614724E-5	6.752849535768157E-5	3.2788262272669794E-5
114	114	1.5607238028993455E-4	9.476759729057785E-5	8.24982774769318E-5	0.9994093216802478	9.963585752723202E-5	1.0615901144696004E-4	5.1545195720614156E-5
115	115	1.2176392201120968E-4	7.39354029472942E-5	6.436317435602092E-5	0.9995391669639021	7.77335026410711E-5	8.282271063337148E-5	4.0214323508860954E-5
116	116	1.6906396709230782E-4	1.026561260870615E-4	8.936549851179262E-5	0.9993601531556883	1.0792962410713093E-4	1.1499577045265497E-4	5.583585806077753E-5
117	117	1.4047954541069683E-4	8.529958319539348E-5	7.425606308813585E-5	0.35391079234434636	8.96814666760945E-5	9.555290719353303E-5	0.6456039380900899
118	118	5.690897745720151E-4	3.4555294459300695E-4	3.0081508364715134E-4	0.904446683851418	3.633041771652836E-4	3.8708968096025576E-4	0.09358746448764418
119	119	1.3330804428684373E-4	8.094502712844748E-5	7.046528032091795E-5	0.9994954765765567	8.51032148232989E-5	9.067491745258904E-5	4.402693943113272E-5
120	120	1.4846651883273983E-4	9.01492963824713E-5	7.847789624239752E-5	0.9994381071543813	9.478031212507229E-5	1.0098557376376223E-4	4.90332482722144E-5
121	121	1.4968226088866277E-4	9.08874984484031E-5	7.912052516420667E-5	0.9994335060041104	9.5556436010982E-5	1.0181251043629532E-4	4.943476494096717E-5
122	122	0.0011339402964937696	6.885318028087406E-4	5.993893413340249E-4	0.9957084402263356	7.239020358115655E-4	7.712958608821499E-4	3.745004363339752E-4
123	123	7.276731946774888E-4	4.418452524670817E-4	3.8464067130589195E-4	0.9972460163729009	4.645430704432454E-4	4.949566788172801E-4	2.403247593880306E-4
124	124	2.0743523602513732E-4	1.2595527072110642E-4	1.0964816214312762E-4	0.9992149315820958	1.3242565778988927E-4	1.4109555806598794E-4	6.850853315881071E-5
125	125	4.2391408573274746E-4	2.574018496283251E-4	2.240766867666943E-4	0.9983956363104429	2.706247150930318E-4	2.883424997826642E-4	1.4000385255371722E-4
126	126	2.2814766990150368E-4	1.3853192002226275E-4	1.2059654464348265E-4	0.9991365424038355	1.4564837603711617E-4	1.5518396692405025E-4	7.534911863603776E-5
127	127	3.721331350132681E-4	2.259603077232751E-4	1.9670580133174947E-4	0.9985916087490597	2.375680050016858E-4	2.5312156876365936E-4	1.2290243310668407E-4
128	128	1.36289880628434E-4	8.27556067139019E-5	7.204144877200664E-5	0.9994841913890254	8.70068048137142E-5	9.270313537129952E-5	4.501173467516362E-5
129	129	2.0743523602513732E-4	1.2595527072110642E-4	1.0964816214312762E-4	0.9992149315820958	1.3242565778988927E-4	1.4109555806598794E-4	6.850853315881071E-5
130	130	2.644558500717899E-4	1.6057835123795515E-4	1.397886804769097E-4	0.9989991288857203	1.6882734376862205E-4	1.7988046035328695E-4	8.734042837104679E-5
131	131	2.7233593139914137E-4	1.6536315923832117E-4	1.4395401155391997E-4	0.9989693055871373	1.738579498180489E-4	1.852404198943617E-4	8.994294095884823E-5
132	132	2.683380511001833E-4	1.6293563484557613E-4	1.4184077257076163E-4	0.9989844361388286	1.713057222481359E-4	1.825210981307528E-4	8.862258227594378E-5
133	133	3.575739588613639E-4	2.1711993417426463E-4	1.8900996846379402E-4	0.9986467100404631	2.2827349691453933E-4	2.4321854976121267E-4	1.1809405136170982E-4
134	134	2.0060572381989434E-4	1.2180837130716001E-4	1.0603815125014604E-4	0.9992407788510785	1.2806573001921014E-4	1.3645018607238673E-4	6.625298645258626E-5
135	135	0.002251111655156366	0.0013668814584340836	0.9864017130826039	0.006268546613835258	0.0014370988622995726	0.001531185642995809	7.434626846751171E-4
136	136	1.30453891414108E-4	7.921197731177462E-5	6.895660405661597E-5	0.9995062785276775	8.328113734578137E-5	8.8733548666355E-5	4.3084313527892074E-5
137	137	4.4453243430029536E-4	2.699213700599114E-4	2.3497533672693562E-4	0.9983176032115351	2.837873697312625E-4	3.0236691267066895E-4	1.4681336497593945E-4
138	138	1.1275105296067947E-4	6.846276298994458E-5	5.959906317624259E-5	0.9995732774601798	7.197973035309798E-5	7.669223920128495E-5	3.723769113898989E-5
139	139	0.0044366137709602625	0.0026939246162526152	0.0023451490472223002	0.012354393957822594	0.002832312909981683	0.0030177442749457833	0.9723198614228149
140	140	0.001008781885628186	6.125352564857829E-4	5.332318745934049E-4	0.6650577799096671	6.440015077990362E-4	0.3318105045327981	3.331650330283872E-4
141	141	5.51907154527386E-4	3.3511960838219606E-4	2.917325249420867E-4	0.9979112281744543	3.5233487510472137E-4	3.7540221931830505E-4	1.8227544327108618E-4
142	142	3.2571602584251154E-4	1.9777570580258066E-4	1.7217018814425026E-4	0.9987672809596188	2.079355455775904E-4	2.2154907390813667E-4	1.0757250110624246E-4
143	143	2.7645473956794495E-4	1.6786411138073874E-4	1.4613117178273802E-4	0.9989537173665693	1.7648737715891827E-4	1.8804199569353629E-4	9.13032378467553E-5
144	144	4.051236016483329E-4	2.459922137574634E-4	2.141442274356958E-4	0.9984667515939138	2.586289603565149E-4	2.7556138366650326E-4	1.3379801922166354E-4
145	145	1.068209513131458E-4	6.48619882482403E-5	5.646447158306116E-5	0.9995957207808405	6.819398196008924E-5	7.265863807652038E-5	3.527918797848563E-5
146	146	2.1225258483969904E-4	1.2888037874866736E-4	1.1219456387332865E-4	0.9991966996342128	1.3550103012197645E-4	1.4437227484956634E-4	7.009953335397507E-5
147	147	3.0918783348619997E-4	1.8773973996253664E-4	1.6343355327861907E-4	0.9988298342754036	1.973840270082132E-4	2.1030674801875317E-4	1.0211382284214871E-4
148	148	9.134120751940058E-5	5.546264338477518E-5	4.8282035995189464E-5	0.9996543060925868	5.8311787914438986E-5	6.212945734932551E-5	3.016677525003685E-5
149	149	1.901705618384139E-4	1.1547211099969378E-4	1.0052223045067052E-4	0.9992802722190538	1.2140397275934839E-4	1.2935228394399644E-4	6.280662095401116E-5
150	150	1.7388884826167195E-4	1.0558580778207876E-4	9.19158817683559E-5	0.9993418927005274	1.110098050583251E-4	1.1827761067535952E-4	5.742934592673801E-5
151	151	1.3234288380522505E-4	8.03589789136839E-5	6.99551062781153E-5	0.9994991293649009	8.448706101018455E-5	9.001842408440967E-5	4.370818100741663E-5
152	152	1.2424687173876123E-4	7.544305714873736E-5	6.567563640218369E-5	0.5373223040364582	0.27876323183763324	8.451159042145255E-5	0.18356458697019748
153	153	0.0010677057810209974	6.483140148990562E-4	5.643784481454157E-4	0.9959591142548626	6.816182394424012E-4	7.262437467720447E-4	3.5262551485740266E-4
154	154	0.0011339402964937696	6.885318028087406E-4	5.993893413340249E-4	0.5614674568478941	7.239020358115655E-4	0.43501227923932384	3.745004363339752E-4
155	155	7.054339356961697E-5	4.2834151057971304E-5	3.7288522453873234E-5	1.9643830188358828E-4	4.503456343866055E-5	4.7982973743031624E-5	0.9995598780938532
156	156	3.3162523384002856E-4	2.0136379386002324E-4	1.752937355659173E-4	9.234585196556316E-4	2.1170795556483882E-4	2.2556846336247517E-4	0.997930982298151
157	157	1.1415938415778696E-4	6.931790573519717E-5	6.0343492765017736E-5	3.178933480978784E-4	7.287880222119845E-5	7.7650173253403E-5	0.9992877568937697
158	158	5.060677931713016E-4	3.072858165928947E-4	2.675023033904295E-4	0.9980847138155012	3.2307124710898244E-4	3.4422270326375467E-4	1.671363209714328E-4
159	159	2.8070004660100517E-4	1.7044187399662582E-4	1.4837519802836553E-4	0.6918127271816014	0.30730412077206226	1.909296148679301E-4	9.270531284238667E-5
160	160	6.740101408023787E-4	4.0926089212368406E-4	3.562749252294615E-4	0.997449111900994	4.3028483474232253E-4	4.584555583754459E-4	2.226017477326698E-4
161	161	4.795165490730041E-4	2.911638249656961E-4	2.534675850186719E-4	0.9981852008089217	3.061210604761248E-4	3.261627888770708E-4	1.5836738266774238E-4
162	162	2.1991328179501188E-4	1.3353197592862694E-4	1.1624393059607633E-4	0.9991677066272675	1.403915822426073E-4	1.4958301113910055E-4	7.262959103096034E-5
163	163	7.851489289634814E-6	4.76744683299601E-6	4.150217615827731E-6	2.186360969140173E-5	5.012353029955642E-6	0.9999537618138927	2.59306964743353E-6
164	164	1.7727527776649293E-5	1.0764205749756094E-5	9.370591406251196E-6	4.936487000164655E-5	1.1317168537976029E-5	0.9998956008601271	5.854776400491296E-6
165	165	3.6195594539279752E-6	2.197806889738787E-6	1.913262421061824E-6	1.007918781217432E-5	2.310709360573338E-6	0.999978684061395	1.195412667689987E-6
166	166	2.110470623718499E-5	1.281483820459475E-5	1.1155733692213755E-5	5.8769112814132865E-5	1.3473143037197993E-5	0.9998757123268293	6.970139185427189E-6
167	167	0.0014544350846864393	1.585326432387399E-5	0.13998978862133857	7.270339778366958E-5	1.666765466968428E-5	0.8355887066984936	0.022861845278704173
168	168	3.4403908822039345E-6	2.0890152187158332E-6	1.8185557310134196E-6	9.580266960774604E-6	2.1963290054298376E-6	0.9999797392025864	1.1362396155500613E-6
169	169	1.1050715174571547E-5	6.710025973149162E-6	5.841295974962071E-6	3.077231776990939E-5	7.054723460116542E-6	0.9999349212606664	3.649660980808318E-6
