0	0	0.9999065693067583	1.8977626775610245E-5	5.277317045969723E-5	9.297140424242283E-6	9.324651096739757E-6	3.0581044854487945E-6
1	1	4.328392431025352E-6	9.050114769649051E-7	2.5166647814589826E-6	0.9999916594182789	4.446771116865063E-7	1.4583591983408153E-7
2	2	0.7190677646914185	0.27927398895066974	0.0011753836593159225	2.07069365699098E-4	2.076820936180131E-4	6.811123927872235E-5
3	3	0.9993044566717875	1.4127864442719455E-4	3.9286903851714857E-4	6.92124158471857E-5	6.941721861645074E-5	2.2766010804690627E-5
4	4	0.9999223931840614	1.5763483465932945E-5	4.383524925547747E-5	7.722531436140935E-6	7.745382767141287E-6	2.5401690139370615E-6
5	5	0.696407088290155	7.31235669488722E-5	0.16560311160772606	3.582323955906155E-5	0.13786906997250523	1.1783323105803391E-5
6	6	0.9998925384515022	2.1827571747168486E-5	6.069832535725759E-5	1.069332862602486E-5	1.0724970684584214E-5	3.5173520828357043E-6
7	7	0.9996015546112987	8.093216067302973E-5	2.2505694528456458E-4	3.964867006350434E-5	3.976599232898645E-5	1.3041620351040767E-5
8	8	0.7283201890943042	3.273788975940314E-5	0.27160967350050463	1.6038294033567173E-5	1.6085752094265615E-5	5.275469303992547E-6
9	9	0.7178001580792019	6.797081959996055E-5	0.2820542217555858	3.329890834315622E-5	3.339744136730667E-5	1.0952995901753694E-5
10	10	0.9995650617687944	8.834458073546074E-5	2.456694756129767E-4	4.328001506879549E-5	4.340808265365617E-5	1.4236077134756392E-5
11	11	0.17849698230218244	0.7318941585420219	0.08934011209074097	1.1524867101184376E-4	1.1558969720907195E-4	3.79086968337424E-5
12	12	0.9998342212481364	3.3672952335421174E-5	9.363807574518492E-5	1.6496381242125095E-5	1.654519480425676E-5	5.4261477366388805E-6
13	13	0.9996542928668146	7.021997503840792E-5	1.952683945255017E-4	3.440076971889302E-5	3.4502563202288174E-5	1.1315430700167328E-5
14	14	0.7984260744603574	5.278046190249563E-4	0.001467724255438357	0.19923400820871875	2.593366377075412E-4	8.505181875297516E-5
15	15	0.9999752089101585	5.035562019810527E-6	1.4002940197631376E-5	2.4669221165908476E-6	2.474221854287542E-6	8.114436531826558E-7
16	16	2.7578086150681945E-5	5.766224961534196E-6	0.2652185828226054	0.5477982519889392	0.18694889169274978	9.291845933885217E-7
17	17	0.5044936198120192	0.49513171039819565	2.655701587714664E-4	4.6785952730890884E-5	4.692439454894772E-5	1.538928373387384E-5
18	18	0.8395816747241306	5.8587923452009095E-5	0.16029280695576179	2.870222699279377E-5	2.8787158222259548E-5	9.44101144048125E-6
19	19	3.111317610706789E-4	0.9994336495382856	1.809018840037109E-4	3.186979679147627E-5	3.1964101007835655E-5	1.0482918840746484E-5
20	20	0.9999164339625235	1.6973919547435082E-5	4.72012417694506E-5	8.315524140516272E-6	8.340130164609236E-6	2.7352218545244857E-6
21	21	0.9977389336542087	4.5926741776705843E-4	0.0012771353347276792	2.2499513378285336E-4	2.25660904886287E-4	7.40075546273759E-5
22	22	0.5616845805621357	6.545498116322708E-5	0.43817518918572	3.2066398951566865E-5	3.2161284922895166E-5	1.054758710649132E-5
23	23	6.406496509289586E-6	0.9999883383096488	3.7249404702543654E-6	6.56229184682883E-7	6.581709974725469E-7	2.1585318943105945E-7
24	24	0.9999754650762437	4.983529607440783E-6	1.3858247955556791E-5	2.4414314348457886E-6	2.4486557444253176E-6	8.030590139683821E-7
25	25	0.9997147103871981	5.794797840900916E-5	1.6114230607083686E-4	2.8388717880252124E-5	2.847272142161957E-5	9.337889020087045E-6
26	26	0.6210906504812032	2.1963117826211817E-5	0.3788622959027709	1.075973265776822E-5	1.0791571208957184E-5	3.539194333039514E-6
27	27	8.32208877168023E-7	1.740042283760122E-7	4.838726629715847E-7	8.524468126345523E-8	8.549692425445873E-8	0.999998339172626
28	28	1.5027054741367653E-6	3.1419648801797765E-7	8.737206720347554E-7	1.5392487714328356E-7	0.9999971048220436	5.063044503303753E-8
29	29	0.001547256518569345	0.07953228262632729	0.9189026118766196	7.654301447883651E-6	7.676950883163837E-6	2.5177261526258947E-6
30	30	9.561999978148757E-6	1.999291852775193E-6	0.9999861547324136	9.79453191069345E-7	9.823514387817118E-7	3.2217112576746017E-7
31	31	2.9779021042488492E-5	6.226412287170375E-6	0.9999568815607883	3.0503197295168164E-6	3.0593457679826342E-6	1.0033403843793807E-6
32	32	2.1420140433308738E-5	4.478677300928605E-6	0.9999689847754948	2.1941042615040418E-6	2.2005967184326427E-6	7.217057909711711E-7
33	33	4.960059682625784E-5	1.0370850172991044E-5	0.9999281809729051	5.0806800827694454E-6	5.09571405229593E-6	1.6711859605491417E-6
34	34	1.0096593479807563E-5	2.111068514023412E-6	0.9999853806694459	1.0342125836986287E-6	1.037272867009905E-6	3.401831097301218E-7
35	35	5.9624416288203037E-5	1.246670257099914E-5	0.9999136670152595	6.107438290376763E-6	6.125510485367705E-6	2.008917105490002E-6
