0	0	4.868953533026259E-6	4.885655024711248E-6	3.083226948721878E-5	1.4848209441909414E-5	4.276932798977202E-5	0.9998449911359574	1.4873878105651924E-5	4.902891007355125E-6	3.702767945297792E-5
1	1	1.8326414103132757E-7	1.8389277396175706E-7	1.1605059167836355E-6	5.588766314500995E-7	1.6098087819829707E-6	5.087720776662331E-6	0.9999896376924663	1.8454152477291908E-7	1.3936969871050809E-6
2	2	1.132542535930216E-4	1.1364273850293977E-4	0.9939674627883837	3.453766535518994E-4	9.948356017984272E-4	0.003144128555690022	3.4597371929367927E-4	1.1404365593540935E-4	8.612820332508318E-4
3	3	3.279013417051164E-5	3.290261093774381E-5	2.0764097385807265E-4	9.999577455187878E-5	2.8803150279719045E-4	0.9989560875011233	1.0016864104616456E-4	3.301868725262745E-5	2.4936417426255504E-4
4	4	3.6704203910998313E-6	3.683010672610336E-6	2.324265160103811E-5	1.1193200004320401E-5	3.224130452313547E-5	0.9998831478486035	1.121255011439513E-5	3.696003875713962E-6	2.791301021409551E-5
5	5	1.683878863297175E-5	1.6896549070903892E-5	1.0663031911241312E-4	5.135104672379292E-5	1.4791344158636673E-4	0.6693607444670099	5.143981922907955E-5	1.6956157992339096E-5	0.33023122941064226
6	6	4.549015180688336E-6	4.56461921935903E-6	2.880628475935705E-5	1.3872535381397227E-5	3.9958960580259485E-5	0.9411856410433757	0.05868343222379595	4.580722627651847E-6	3.4594595079769825E-5
7	7	1.8798391359118688E-5	1.8862873629250427E-5	1.1903935093632088E-4	5.7326990323049585E-5	1.6512676908184146E-4	0.8345378985288716	0.16492105865959214	1.8929419498912317E-5	1.4295901670773303E-4
8	8	7.940527307615394E-6	7.967764916252036E-6	5.028277147406846E-5	2.4215185407487965E-5	6.975030969746421E-5	0.7457690924225415	2.425704711843157E-5	7.995874198858441E-6	0.25403849809733825
9	9	1.4034671289964217E-5	1.4082813040395998E-5	8.887346417285585E-5	4.279969758352134E-5	0.4055809598236724	0.5940955117253873	4.287368704668527E-5	1.4132495451436792E-5	1.0673162235535027E-4
10	10	1.8617838157403743E-5	1.8681701093673147E-5	1.1789601183187162E-4	5.677638088792431E-5	1.635407734358838E-4	0.999407279218392	5.687453237448776E-5	1.8747607809186217E-5	1.4158593601760894E-4
11	11	6.229706877399094E-5	6.251076027239415E-5	0.7074370403302824	1.8997920569562842E-4	5.472230837947973E-4	0.29097415053472264	1.903076299657836E-4	6.273129045179915E-5	4.73760096040542E-4
12	12	7.452096495970367E-6	7.477658688507009E-6	4.718982135483813E-5	2.272568197723453E-5	0.10386549264788705	0.8959627209820735	2.2764968727012345E-5	7.504038937362086E-6	5.667210385841293E-5
13	13	1.489757654629608E-5	1.4948678235627626E-5	9.433774458233129E-5	4.54311866473688E-5	1.3086165913053E-4	0.9995257181236654	4.550972526564711E-5	1.5001415311273569E-5	1.1329389061546383E-4
14	14	1.2028190268776408E-4	1.2069449385010891E-4	7.616757919231031E-4	3.668079539196654E-4	0.0010565671067493997	0.9961706841164024	3.6744206876456153E-4	1.2112028899747197E-4	9.147262767054203E-4
15	15	0.9999360478312944	1.0951174555758918E-6	6.91103983799364E-6	3.3282197088491324E-6	9.586726325937858E-6	3.0298372859271517E-5	3.3339733286981707E-6	1.0989808936127246E-6	8.299738295751137E-6
16	16	1.1655269656807697E-6	1.1695249580201724E-6	7.380608842687855E-6	3.554354827836041E-6	1.0238094230720961E-5	3.2356988801429455E-5	3.5604993760560964E-6	1.1736508964616012E-6	0.9999394007511011
17	17	2.4195135649224405E-5	2.4278129839684777E-5	0.41205839777919684	0.08744761163569938	2.1253225879432994E-4	0.49995070852455653	7.39122885349451E-5	2.4363780059036344E-5	1.8400046767009644E-4
18	18	1.3933786278708047E-5	1.3981581973223456E-5	8.823461768702011E-5	4.2492041787153537E-5	0.1510760726150044	0.8486027245440209	4.2565499394054514E-5	1.4030907253662933E-5	1.0596440660086313E-4
19	19	1.3933786278708047E-5	1.3981581973223456E-5	0.9992578107968723	4.2492041787153537E-5	1.223956382929472E-4	3.868253415469704E-4	4.2565499394054514E-5	1.4030907253662933E-5	1.0596440660086313E-4
20	20	4.404311781388873E-6	4.41941945824305E-6	2.7889961739912535E-5	1.3431252390056121E-5	3.8687872839558243E-5	0.9998597835527713	1.34544715063132E-5	4.435010619856592E-6	3.3494146893383757E-5
21	21	1.2823941021170327E-4	1.2867929722824815E-4	8.120660892961342E-4	3.9107492166736964E-4	0.0011264665722020715	0.9959173475023786	3.9175098774130813E-4	1.291332617677898E-4	9.752419575067411E-4
22	22	1.489757654629608E-5	1.4948678235627626E-5	9.433774458233129E-5	4.54311866473688E-5	0.4305176280839564	0.5691389516988395	4.550972526564711E-5	1.5001415311273569E-5	1.1329389061546383E-4
23	23	2.5848461526265823E-7	2.59371269576203E-7	0.9999862317042342	7.882666529671778E-7	2.270552227596919E-6	7.175967650401339E-6	7.896293594762427E-7	2.6028629912252266E-7	1.965737691385032E-6
24	24	1.0591713828630666E-6	1.0628045541233538E-6	0.9999435827743516	3.2300161463756607E-6	9.303857176655987E-6	2.9404378948947944E-5	3.2355999979955185E-6	1.0665539962669457E-6	8.05484344518789E-6
25	25	1.2827312039775608E-5	1.2871312304703153E-5	8.122795564269653E-5	0.08606601681711361	1.1267626855237759E-4	0.9135647283851013	3.918539669944202E-5	1.291672069198504E-5	9.754983185409956E-5
26	26	5.086137574780955E-6	5.103584051490523E-6	3.22075705366708E-5	1.5510527148895165E-5	0.5274438169761168	0.4724389369426006	1.553734078641905E-5	5.121588860607855E-6	3.867933232373282E-5
27	27	3.345302579377192E-8	3.35677764128408E-8	2.1183868349537892E-7	1.0201730825366752E-7	2.938544027416205E-7	0.044561104954708684	1.0219366945006121E-7	0.955437863715057	2.5440536809849E-7
28	28	5.99937808875792E-8	0.30067988885971386	3.799059504955479E-7	0.6993167787941734	5.269907947822577E-7	1.6655282575988892E-6	1.8327145206177726E-7	6.041194823811012E-8	4.5624392855866156E-7
29	29	3.376334391533844E-6	3.387915898809165E-6	2.1380374886024793E-5	1.0296364475726848E-5	0.9980866260104839	0.0018355424384250566	1.0314164192152707E-5	3.3998680442912827E-6	2.5676529202380084E-5
30	30	4.261061256112462E-7	4.275677554800767E-7	2.6982838932198503E-6	1.299440003820267E-6	0.9999783479422144	1.1829422690851667E-5	1.3016863951203173E-6	4.2907616128753986E-7	3.2404747601435938E-6
31	31	1.5407217802893985E-6	1.5460067664425507E-6	9.756500819424439E-6	4.698537279165517E-6	1.353383940002932E-5	4.277302787398312E-5	4.70665981905643E-6	1.5514608858306248E-6	0.9999198932453758
32	32	9.899344378073568E-7	9.933301123952485E-7	6.268682819444404E-6	3.01887330955623E-6	8.69567359223452E-6	2.7482244908484747E-5	3.024092150532807E-6	9.968344573582654E-7	0.9999485303342122
33	33	2.232889443596287E-6	2.2405487043024666E-6	1.4139598702914017E-5	6.809350283230037E-6	1.961390272679649E-5	6.198876632517468E-5	6.821121865750409E-6	2.2484530811741022E-6	0.9998839053688671
34	34	4.4621419024504957E-7	4.4774479482723576E-7	2.8256166482873436E-6	1.3607609330772344E-6	0.9999773261756844	1.2387656383706955E-5	1.36311333219726E-6	4.493243827173948E-7	3.3933936505437367E-6
35	35	2.7182215555739673E-6	2.727545603215917E-6	1.7212926547551754E-5	8.289404015237992E-6	2.3877103872657625E-5	7.54624020064079E-5	8.303734222871808E-6	2.7371680445138864E-6	0.999858671494132
