0	0	1.4589523492248143E-5	9.730892439326862E-6	1.1669830916417426E-4	1.9684593843812124E-5	0.26382427835071953	1.4736238320061484E-5	4.810139395711214E-6	0.735995471952625
1	1	0.9999892303361165	3.662679708283142E-7	4.392490530869964E-6	7.409224065219792E-7	3.1811998862911082E-6	5.546677389339978E-7	1.8105225259178316E-7	1.353063097370265E-6
2	2	3.3927989928474476E-4	2.2629225749008785E-4	0.002713823422742917	4.577659455662291E-4	0.001965448690935264	3.4269175794006943E-4	1.1185996654308872E-4	0.9938428380594976
3	3	9.824770777160036E-5	6.552906798113269E-5	0.9987608110704207	1.3255855988696764E-4	5.691490389916087E-4	9.923570409213986E-5	3.239209080005914E-5	2.4207676005582042E-4
4	4	1.0998220269275852E-5	7.335571893161017E-6	0.9998612805009717	1.4839106919462297E-5	6.371269761762117E-5	1.1108820316900256E-5	3.6260932461613527E-6	2.7098988765783226E-5
5	5	5.045510007560778E-5	3.365244602485345E-5	0.8690644795652536	0.12168060151789929	0.008978895435542972	5.096248548294003E-5	1.6634954850799937E-5	1.2431849487002394E-4
6	6	0.030521489042484504	9.091482960590265E-6	0.969320217119427	1.8391134280129575E-5	7.896356455914138E-5	1.3767931402528587E-5	4.494068825325294E-6	3.3585656060850134E-5
7	7	0.11642592057364808	3.756856750701875E-5	0.8829199647161388	7.599734528775226E-5	3.262996827464034E-4	5.6892969229556426E-5	1.8570757793562438E-5	1.3878538764897398E-4
8	8	2.3793149541439074E-5	1.58695093162968E-5	0.7948823617332667	3.210238396320249E-5	0.20495537128181243	2.403241766009724E-5	7.844558187122027E-6	5.862496625269998E-5
9	9	4.363273146918779E-5	2.9102075676857708E-5	0.7665765792673067	5.887050373670102E-5	0.2331258497126383	4.407150993155012E-5	1.4385632313073422E-5	1.075085669276024E-4
10	10	5.578556099783079E-5	3.720774664270758E-5	0.9992963820613547	7.526744181706607E-5	3.231657933977871E-4	5.6346550462676315E-5	1.8392398134873437E-5	1.3745244719240993E-4
11	11	1.866461825051237E-4	1.2448891337221192E-4	0.001492940733936162	2.5182825861746127E-4	0.0010812414641896656	1.885231295173278E-4	6.153690735712006E-5	0.9966127944105049
12	12	2.2329629620397417E-5	1.48933736020608E-5	0.9997183585199613	3.0127761882958406E-5	1.2935555981654568E-4	2.2554180323964465E-5	7.362038327419202E-6	5.5018936465353384E-5
13	13	4.4638714221102E-5	2.9773044126231424E-5	0.9994369761722884	6.0227803849746734E-5	2.58592102319818E-4	4.50876090238855E-5	1.4717302999162625E-5	1.0998725117152958E-4
14	14	3.6032740450439436E-4	2.4033048221465842E-4	0.9954552249531977	4.86163829287E-4	0.0020873769032125704	3.639509205936196E-4	1.187992907843682E-4	8.87826216205736E-4
15	15	3.3150571538520263E-6	2.2110704720065064E-6	2.6516394784427515E-5	4.472767988431781E-6	0.9999508752351779	3.348393954726792E-6	1.0929683223204968E-6	8.168112146391873E-6
16	16	3.5522640581302687E-6	2.3692822787611076E-6	2.841375933276572E-5	0.1804197167609248	0.8195324361956865	3.5879862535750356E-6	1.17117500781024E-6	8.75257645760043E-6
17	17	7.249622170960902E-5	4.8353391122652294E-5	0.512314068155084	0.08746706541037033	4.199706624450489E-4	7.3225256533186E-5	2.3901872619135842E-5	0.3995809190301162
18	18	4.175092500738612E-5	2.7846952006701387E-5	0.8700884356947155	5.633151773671898E-5	0.12962682702379058	4.217077969124616E-5	1.3765204140636837E-5	1.0287190291113427E-4
19	19	4.175092500738612E-5	2.7846952006701387E-5	3.339562362671393E-4	5.633151773671898E-5	2.4186313740984157E-4	4.217077969124616E-5	1.3765204140636837E-5	0.9992423152477402
20	20	1.3598943659320458E-5	0.18965144944391296	1.0877488440967749E-4	1.8348075780599624E-5	0.17567357428863645	1.3735697041189349E-5	4.483547024034773E-6	0.6345160351195357
21	21	3.84159022744798E-4	2.5622564931012147E-4	0.9951546390345305	5.183181162966056E-4	0.0022254334841424043	3.8802219380071985E-4	1.266565320316662E-4	9.465459671431897E-4
22	22	4.4638714221102E-5	2.9773044126231424E-5	0.9994369761722884	6.0227803849746734E-5	2.58592102319818E-4	4.50876090238855E-5	1.4717302999162625E-5	1.0998725117152958E-4
23	23	7.745411768423679E-7	5.166019908523643E-7	6.19538025101092E-6	1.0450326557650231E-6	4.486917572510431E-6	7.823300998634076E-7	2.553648191669558E-7	0.999985943831434
24	24	3.1737688790369966E-6	2.1168342890431893E-6	0.99995996955706	4.282137889641748E-6	1.8385645308739994E-5	3.2056848600390264E-6	1.0463858347429588E-6	7.819985878849726E-6
25	25	3.843559925930813E-5	2.5635702388232416E-5	0.9995152154672696	5.185838735343245E-5	2.2265745306095786E-4	3.882211444126238E-5	1.26721472632879E-5	9.4703128963857E-5
26	26	1.524029511620686E-5	1.0164942850820634E-5	0.9998077756171632	2.0562633151231026E-5	8.828704013637012E-5	1.5393554218533737E-5	5.0246976181012755E-6	3.755121974552918E-5
27	27	1.0024619892660186E-7	0.7638444698278205	8.018467444180544E-7	1.352549801441171E-7	5.807262996331148E-7	0.2361536320460381	3.305098970390345E-8	2.47000928515075E-7
28	28	1.8152244770239147E-7	1.2107149454564682E-7	1.451957134409955E-6	0.49481056934511813	1.0515596649378986E-6	1.833478695314912E-7	0.5051859939352912	4.472609795574191E-7
29	29	1.0117013589886579E-5	6.747826349688708E-6	0.547005178081544	1.3650158179261921E-5	0.45292582486160254	1.0218752067336793E-5	3.3355610045465826E-6	2.49277456627684E-5
30	30	1.2768133991885946E-6	8.516065558410499E-7	1.0212942518831416E-5	1.7227124100878868E-6	0.9999810793132529	1.2896532604843565E-6	4.209630585722868E-7	3.145995544140105E-6
31	31	4.616712479213752E-6	3.079246048193209E-6	3.692804227003361E-5	6.228997821297449E-6	0.9999315864239235	4.66313895618618E-6	1.5221217188304288E-6	1.1375316782712709E-5
32	32	2.966303312818457E-6	1.9784593029917724E-6	2.372679143756335E-5	4.002219535230903E-6	0.9019027945697606	0.09805624486930453	9.779848143908159E-7	7.308802531854145E-6
33	33	6.6907557529469404E-6	4.462587459030272E-6	5.3517846817563455E-5	9.027355113749167E-6	0.9999008518442996	6.7580391757918545E-6	2.205930018991476E-6	1.648564136237714E-5
34	34	1.3482394618737307E-6	8.992461743469575E-7	2.4290408951733439E-4	1.8190824549743163E-6	0.9997479010473962	1.3617975962847045E-6	4.445121017048374E-7	3.3219852972909643E-6
35	35	8.14502368585902E-6	5.432552299941538E-6	6.515020814401054E-5	1.0989494152400068E-5	0.8862938856555816	0.1135936427918436	2.685399515012829E-6	2.006887477756114E-5
