0	0	3.88874267385919E-6	7.832486831214629E-6	0.9998331445628179	1.1818290034939827E-5	2.5318658139489156E-5	1.1598107621641894E-5	3.334355246938261E-5	7.859412136972242E-6	2.01560301118686E-5	7.833058574081166E-6	2.9332181613207176E-5	7.874916975480374E-6
1	1	1.8546328830483785E-7	3.7354972677577695E-7	5.042406172439583E-6	5.63642060132777E-7	1.2075063813249723E-6	0.9999875530064612	1.5902324744464479E-6	3.748338579624426E-7	9.61288503054558E-7	3.7357699453838964E-7	1.3989207595835611E-6	3.7557332019368864E-7
2	2	8.644894779406264E-5	1.741206096564348E-4	0.67822980652961	2.62727267893941E-4	5.6284808208826E-4	2.5783248838581946E-4	7.412460192007604E-4	1.7471917442324903E-4	0.31850898272777944	1.741333198235418E-4	6.520709775968914E-4	1.7506385574756375E-4
3	3	2.893319986318004E-5	5.8275624261957625E-5	0.9987585545979422	8.793097828779724E-5	1.8837703022668434E-4	8.629276709600753E-5	2.4808421349918565E-4	5.847595514476431E-5	1.4996581069639733E-4	5.8279878169200975E-5	2.1823862986433958E-4	5.859131494844012E-5
4	4	3.230174637002872E-6	6.506036122400576E-6	0.9196418279568844	0.0802293908141918	2.1030881759003622E-5	9.633939866604273E-6	2.7696740701869896E-5	6.5284015620930605E-6	1.6742557353482946E-5	6.506511039221066E-6	2.4364705263697942E-5	6.541280618461708E-6
5	5	1.4980114875794534E-5	3.017210505685201E-5	0.7031169102166449	4.552611401853507E-5	0.1585516637817316	4.467793296839646E-5	1.2844517836474372E-4	3.0275826029706882E-5	7.7644542680969E-5	0.13781637595590965	1.1299267834748541E-4	3.0335553371282807E-5
6	6	4.472671100636942E-6	9.008602634364383E-6	0.8146809627241928	1.3592908744914022E-5	2.912047416472996E-5	1.3339664033340232E-5	0.18516547742409467	9.039571008216277E-6	2.318263278023909E-5	9.009260229379178E-6	3.3736662984138736E-5	9.057404032648965E-6
7	7	1.6579182703610245E-5	3.339285756068277E-5	0.9992886320823617	5.038584606038618E-5	1.079430279423109E-4	4.944712504839247E-5	1.4215619153547671E-4	3.350765033586608E-5	8.593278954930391E-5	3.3395295117044505E-5	1.2505419845078896E-4	3.357375333418075E-5
8	8	6.707955132233892E-6	1.3510786041664171E-5	0.8053591625658706	2.038616744353238E-5	0.19439669107552326	2.0006359913649266E-5	5.7516547807967414E-5	1.3557231321820625E-5	3.476849896580881E-5	1.3511772279586696E-5	5.0597063033915276E-5	1.3583976665950547E-5
9	9	1.3924855736551768E-5	2.8046661435395986E-5	0.608758549126856	4.231907266467367E-5	9.066135036535583E-5	4.15306408762939E-5	0.17302738501444184	2.8143075888544985E-5	7.217495089507345E-5	2.804870873901122E-5	0.21784101794630364	2.8198595797562263E-5
10	10	1.8097013276477685E-5	3.644998655353566E-5	0.9992235060750521	5.499868970638769E-5	1.178252537955218E-4	5.397402842358154E-5	1.5517064571529348E-4	3.6575288651574764E-5	9.379996958594798E-5	3.645264726912273E-5	1.3650295856564715E-4	3.6647443404888086E-5
11	11	4.8156888898294324E-5	9.699489777600392E-5	0.3999590656408336	1.4635375181963614E-4	3.1353779597539493E-4	1.4362708644117742E-4	4.1291540387499765E-4	9.732833175882777E-5	0.5982242579575063	9.700197804847534E-5	3.6323992857310806E-4	9.752033849417731E-5
12	12	6.899518303605979E-6	1.3896621809919973E-5	0.9362426031699841	2.096834767739225E-5	4.492108630134401E-5	2.0577693751923428E-5	0.06352051623143147	1.3944393456306766E-5	3.5761404224481794E-5	1.3897636212441163E-5	5.204199426345116E-5	1.397190258356284E-5
13	13	1.4385478733710975E-5	2.8974422375623925E-5	0.999382757990308	4.371895345745145E-5	9.366035471569695E-5	4.290444098139419E-5	1.2334654287594245E-4	2.9074026141123384E-5	7.456244006049729E-5	2.8976537402391574E-5	1.0850743034416035E-4	2.913138260395331E-5
14	14	1.078977283484004E-4	2.1732153739247923E-4	0.7968830283042942	3.279123240281335E-4	7.02495877766464E-4	0.19880917491562416	9.251559869714207E-4	2.1806861159357299E-4	5.59252705562622E-4	2.1733740106916666E-4	8.138557958186904E-4	2.1849881153060714E-4
15	15	1.0319138964608893E-6	2.0784229461385944E-6	2.8055843549954136E-5	3.136092753434076E-6	6.7185405065523005E-6	3.077665310146102E-6	0.323668396786045	2.0855678254756904E-6	5.348589329332023E-6	2.078574663405244E-6	7.783566144309779E-6	0.6762702084370298
16	16	1.1816411734111096E-6	2.3799952082657774E-6	3.212665320925137E-5	3.5911293895772923E-6	7.693378405892437E-6	3.524224318443938E-6	1.0131838943849549E-5	2.3881767858496454E-6	6.124651865704931E-6	2.3801689392036057E-6	8.912935724219876E-6	0.9999195652060363
17	17	1.9562326636235214E-5	3.940133832876482E-5	5.318637315202754E-4	0.06303604100880314	1.273655528418738E-4	5.83443001209453E-5	1.6773479742005902E-4	0.26993920427474316	0.6658539080823576	3.940421448222756E-5	1.4755558950407138E-4	3.961478324167426E-5
18	18	1.200315134006846E-5	2.4176072496682428E-5	0.49714555370666735	3.6478814816879366E-5	7.814960023419353E-5	3.5799190822470456E-5	0.3423561531677163	2.4259181240816818E-5	6.22144225366392E-5	2.4177837261474086E-5	0.160176727815761	2.4307039106128264E-5
19	19	1.3327414443257155E-5	0.0674484623240822	3.623479205269075E-4	4.050338695976221E-5	8.67715553513985E-5	3.974878257442603E-5	1.1427429892884795E-4	2.6935606599509147E-5	0.931713268062005	2.6845288241067273E-5	1.005266158421709E-4	2.6988744445338524E-5
20	20	3.478191566502269E-6	7.005577875903769E-6	0.9998507602011485	1.0570582879224464E-5	2.2645659690444708E-5	1.0373646059986442E-5	2.982333178686226E-5	7.029660562588379E-6	1.8028072266271452E-5	7.006089257443607E-6	2.6235458416929015E-5	7.043528489335367E-6
21	21	9.391676017612745E-5	1.8916185744423386E-4	0.9959702856701582	2.854227198843837E-4	6.114691929738783E-4	2.8010510937656846E-4	8.052778708495537E-4	1.8981212867470257E-4	4.867869141468709E-4	1.891756655673683E-4	7.083995257717439E-4	1.9018658497635667E-4
22	22	1.3409605105649025E-5	2.70088725869722E-5	0.7465760995356089	4.0753172859158574E-5	8.730667877248431E-5	3.9993914800408197E-5	1.1497903279626967E-4	2.7101719490930525E-5	6.9504317196051E-5	2.7010844135800502E-5	0.25294967712160754	2.71551850398388E-5
23	23	2.7450549434014503E-7	5.528935313638346E-7	7.463300212569454E-6	8.342505072666164E-7	1.78723853736311E-6	8.187078788963587E-7	2.353714071952467E-6	5.547941828049644E-7	0.9999821812207459	5.529338905676638E-7	2.0705522810584158E-6	5.55888665962194E-7
24	24	1.0212513879639688E-6	2.05694712107276E-6	0.9999561808633014	3.1036882904790705E-6	6.6491195059400324E-6	3.045864563366107E-6	8.75659617899403E-6	2.0640181741566165E-6	5.293323691989476E-6	2.0570972706827956E-6	7.703140499849828E-6	2.0680900141251052E-6
25	25	1.1872078525075366E-5	2.391207300289622E-5	0.9994906011997454	3.6080471014473145E-5	7.72962170014847E-5	3.540826842362404E-5	1.0179569758690976E-4	2.399427421060658E-5	6.153504932338765E-5	2.3913818496691244E-5	8.954924319489103E-5	2.4041609474398795E-5
26	26	4.500442902804958E-6	9.064539036693677E-6	0.5982772902085493	1.367731011583036E-5	2.9301289616916135E-5	1.3422492951940789E-5	0.04764261418679268	9.095699700014825E-6	2.3326578864540906E-5	9.065200714861078E-6	0.3539595284073008	9.113643453632703E-6
27	27	3.565867074421076E-8	0.3570459831445887	9.694937639952804E-7	1.0837037789833609E-7	2.3216493607310537E-7	1.0635136742684482E-7	0.042097350320389554	0.6008546166653032	1.8482509683682535E-7	7.182693226036568E-8	2.6896781146918876E-7	7.221076196537727E-8
28	28	0.48282287784071404	1.2968712363560107E-7	1.7505973256904949E-6	0.15943092414782215	4.1921601902192484E-7	1.9203673743472173E-7	5.52088947575848E-7	1.3013294187085145E-7	3.3373532895112913E-7	0.3577420744570706	4.856703043807089E-7	1.3038966466552513E-7
29	29	3.201637526071657E-6	6.448558278193457E-6	8.704664395275256E-5	9.730106629120752E-6	2.0845083567517968E-5	9.548828427882485E-6	0.09131771117509252	6.470726129487401E-6	1.6594644540659957E-5	6.449028999341727E-6	0.9085094700754512	6.483491405301873E-6
30	30	4.097112140970223E-7	8.252172895336411E-7	1.113929540322213E-5	1.2451546334796816E-6	2.6675301082195427E-6	1.2219565945655813E-6	3.513019119617166E-6	8.280540932609851E-7	2.1236045326481918E-6	8.252775273749297E-7	0.9999743714918278	8.296876562766733E-7
31	31	1.2759421280186073E-6	2.569930888530575E-6	3.469052296442483E-5	3.8777197159608824E-6	0.9999188695980847	3.8054752810528687E-6	1.0940411043259648E-5	2.5787653974727227E-6	6.613430126458397E-6	2.570118484077771E-6	9.6242331688772E-6	2.5838527170255536E-6
32	32	9.177965272713127E-7	1.8485741578917787E-6	2.495320187869095E-5	2.7892782994531697E-6	0.9999416421799243	2.7373122345218245E-6	7.869535021950458E-6	1.8549288987920118E-6	4.757099142764944E-6	1.8487090970382864E-6	6.922796564262405E-6	1.8585882530183342E-6
33	33	2.1251964287140913E-6	4.280451147755788E-6	5.778018759260271E-5	6.458691120036528E-6	0.9998648700151644	6.338361512847055E-6	1.8222239055547936E-5	4.295165817364237E-6	1.1015262979148693E-5	4.280763605020258E-6	1.60300263706876E-5	4.303639205857328E-6
34	34	4.326171750871554E-7	8.713531881667811E-7	1.1762066411641127E-5	1.3147682112384172E-6	2.816665251453413E-6	2.0024961972438842E-4	3.7094235043223567E-6	8.743485907151469E-7	2.2423301152283895E-6	8.714167937597815E-7	0.9997739793175519	8.760734822798833E-7
35	35	2.554653925464126E-6	5.1454402894834125E-6	6.94563481535731E-5	7.76385674294833E-6	0.9998375630875603	7.619211053165131E-6	2.190457028114268E-5	5.163128484310597E-6	1.3241215931615727E-5	5.14581588778879E-6	1.92693575237886E-5	5.173314166388444E-6
