0	0	2.5694924761867876E-5	4.069291161881818E-5	3.686772850913332E-5	5.9756966705561394E-5	1.476097839478969E-4	4.4506735970261944E-5	0.9991865749573813	6.781665116559906E-5	3.3052154954017304E-5	1.0900227100960747E-5	7.186322572253002E-5	2.562376136095623E-5	1.5587762160405405E-4	7.129102006477857E-5	2.1871329132270017E-5
1	1	5.401154771284915E-6	8.553779230115862E-6	7.749713594766207E-6	1.2561104141399874E-5	3.1028045275372205E-5	9.35545721841699E-6	3.915254086096161E-5	1.4255275405951918E-5	6.947667918299112E-6	2.291262346944638E-6	0.9998049688106256	5.386195998455768E-6	3.27659710026751E-5	1.4985598780350589E-5	4.597422829290104E-6
2	2	1.7085294432942765E-5	2.705788722031991E-5	2.451441296248228E-5	3.973412570949501E-5	0.8289585884042135	2.9593808713137184E-5	0.17059869188215573	4.509324169494873E-5	2.197732837383808E-5	7.2478744783963475E-6	4.778392549304344E-5	1.70379758410927E-5	1.036475134795648E-4	4.740344949517683E-5	1.4542875736269233E-5
3	3	1.0840321714659342E-5	1.7167758128983948E-5	1.5553968016315386E-5	2.5210610647197014E-5	0.9996405214243579	1.8776756143806193E-5	7.858062893061661E-5	2.8610876391314238E-5	1.3944232037450535E-5	4.598650108235356E-6	3.031806839308206E-5	1.0810298892357236E-5	6.576254190133083E-5	3.0076662999820146E-5	9.227201337162928E-6
4	4	1.6985446457077048E-5	2.689975852779105E-5	2.4371148559082788E-5	3.950191595505042E-5	0.9994367414307656	2.9420859870507547E-5	1.231261488724527E-4	4.4829712791415004E-5	2.1848890917774526E-5	7.2055172571709805E-6	4.750467199477189E-5	1.6938404399274172E-5	1.0304178821886953E-4	4.712641953237911E-5	1.4457885880739827E-5
5	5	9.282371848597892E-6	1.470044145871791E-5	1.3318582109366393E-5	2.1587390920423225E-5	0.9422049661692182	1.6078197421166784E-5	0.05755450598838777	2.4498977112396065E-5	1.1940194241625899E-5	3.9377410956826875E-6	2.5960814813756122E-5	9.25666384768352E-6	5.631127781121719E-5	2.5754103732157515E-5	7.90108598138755E-6
6	6	6.603830162317661E-6	1.0458449660054318E-5	9.475342691256613E-6	1.535808580083624E-5	0.2545179916765306	1.1438637324321094E-5	0.7135008808987228	1.7429498261827253E-5	8.49470546568238E-6	2.8014578432337936E-6	1.8469504853042715E-5	6.585540518827797E-6	4.00619713316631E-5	0.031828329269643275	5.621131190390071E-6
7	7	1.3264530119145198E-5	2.100696370220813E-5	1.9032283603321088E-5	3.0848429876354104E-5	0.7302927712925098	2.2975780052039607E-5	9.615352262304071E-5	3.500909305251685E-5	1.706256425941548E-5	5.627040827174851E-6	3.709806239518776E-5	1.322779332837731E-5	8.046894185641457E-5	0.26930416303226745	1.1290669527519716E-5
8	8	5.088908080362885E-5	8.059275855822466E-5	7.301694138181824E-5	1.1834932911623015E-4	0.2979474638833334	8.814607958913474E-5	0.28051488720936546	1.3431162274190695E-4	6.546015603381658E-5	2.158801953535562E-5	1.423259081120346E-4	5.0748140906243815E-5	0.4205277118143537	1.4119264851997614E-4	4.331640764897654E-5
9	9	2.199957847444092E-5	3.484061194217723E-5	3.156555210913568E-5	5.1162947181869276E-5	0.99927046656521	3.8105946590357823E-5	1.5947319260758197E-4	5.806351849706394E-5	2.8298719821097712E-5	9.332597924267339E-6	6.152813010199816E-5	2.193864952300895E-5	1.3345989531663092E-4	6.103821688419789E-5	1.8725877816142022E-5
10	10	1.4169901068319711E-5	2.2440794715859474E-5	2.0331332760443267E-5	3.2953990494546437E-5	0.9995301084241675	2.4543992691831214E-5	1.0271648454191382E-4	3.7398639875660457E-5	1.8227170156506517E-5	6.011114687988802E-6	3.963019189103687E-5	1.413065680666304E-5	8.596135218781843E-5	3.931463939823084E-5	1.2061314555660753E-5
11	11	1.5368752147712395E-5	2.4339408604398636E-5	2.2051474637780985E-5	0.18511019838720152	0.8144158967195532	2.662054862467353E-5	1.1140686055588676E-4	4.0562769220430146E-5	1.9769288376742834E-5	6.519687845790187E-6	4.298312273339331E-5	1.532618760702059E-5	9.323415242541678E-5	4.264087277496761E-5	1.3081767691094197E-5
12	12	1.5368752147712395E-5	2.4339408604398636E-5	2.2051474637780985E-5	3.5742078208370394E-5	0.9994903530285463	2.662054862467353E-5	1.1140686055588676E-4	4.0562769220430146E-5	1.9769288376742834E-5	6.519687845790187E-6	4.298312273339331E-5	1.532618760702059E-5	9.323415242541678E-5	4.264087277496761E-5	1.3081767691094197E-5
13	13	2.8744373010832276E-5	4.552230610941515E-5	4.124315405279226E-5	0.22753495257290923	0.6133400162248072	4.9788751361606876E-5	0.15844704651184352	7.586506423020817E-5	3.697475200316706E-5	1.2193855268950864E-5	8.039188225199838E-5	2.866476400790733E-5	1.743770235154634E-4	7.975176779290779E-5	2.446699683486252E-5
14	14	1.7085294432942765E-5	2.705788722031991E-5	2.451441296248228E-5	3.973412570949501E-5	0.9994334303474703	2.9593808713137184E-5	1.2384993889893938E-4	4.509324169494873E-5	2.197732837383808E-5	7.2478744783963475E-6	4.778392549304344E-5	1.70379758410927E-5	1.036475134795648E-4	4.740344949517683E-5	1.4542875736269233E-5
15	15	3.673769378899544E-5	5.8181284447789986E-5	5.271217305428286E-5	8.5438395517159E-5	0.9987817322969489	6.363415549087958E-5	2.6630861697543167E-4	9.696184703425403E-5	4.7256801061706886E-5	1.558475882598751E-5	1.0274749608147322E-4	3.663594687765381E-5	2.228683050882126E-4	1.0192937668888406E-4	3.1270852118317744E-5
16	16	1.38327040400186E-5	2.1906777628907407E-5	1.9847513928175622E-5	0.03810690600278534	0.9614665540889401	2.3959926412297826E-5	1.002721701336427E-4	3.650867528326324E-5	1.7793423471792257E-5	5.868069934197353E-6	3.868712370218853E-5	1.379439366268086E-5	8.39157548073764E-5	3.8379080320584764E-5	1.1774294949386535E-5
17	17	1.363798059739341E-5	2.15983951792877E-5	1.956811980332015E-5	3.17169386578226E-5	0.9995477475697829	2.362264171781212E-5	9.886063540323612E-5	3.5994741426493417E-5	1.7542944847765354E-5	5.785464915262043E-6	3.814252375334537E-5	1.3600209516533199E-5	8.273446988872924E-5	3.783881670884318E-5	1.16085478011503E-5
18	18	2.1671503406985083E-5	3.432104125465646E-5	3.109482169720907E-5	5.039996495621289E-5	0.894891824350413	3.753768065687076E-5	1.5709500256712669E-4	5.719762950879179E-5	0.10441739829982091	9.19342286247698E-6	6.061057409259114E-5	2.1611483076137564E-5	1.3146963608464055E-4	6.012796684713776E-5	1.8446622755194468E-5
19	19	3.1899175131255086E-5	5.051854894923631E-5	4.5769743998227516E-5	7.418577652666038E-5	0.9989421836046763	5.525325247664628E-5	2.3123458050070252E-4	8.419153791635464E-5	4.103286890756921E-5	1.3532176353363387E-5	8.921519109570873E-5	3.181082874341179E-5	1.935155520661571E-4	8.850482168786378E-5	2.715234097042304E-5
20	20	3.627912079525301E-5	5.745504490912316E-5	5.205420091419679E-5	8.437192299882716E-5	0.9987969391488263	6.283985127147685E-5	2.6298445785844285E-4	9.575153468507185E-5	4.666692482009999E-5	1.5390224309133117E-5	1.0146496519784617E-4	3.617864392513949E-5	2.2008638343407714E-4	1.00657057863239E-4	3.0880518191666384E-5
21	21	1.1528287405101156E-5	1.825728562507041E-5	1.654107860464635E-5	2.6810566406526955E-5	0.9996177076248228	1.9968396423933908E-5	8.356763744019776E-5	3.0426625208443732E-5	1.4829183007895696E-5	4.89049693530269E-6	3.224216173679739E-5	1.1496359226831048E-5	6.993606864114858E-5	3.198543589157627E-5	9.812792623645002E-6
22	22	7.874096566030462E-6	1.247016360659017E-5	1.12979530837905E-5	1.831225935445987E-5	0.9997388851463516	1.3638893287936145E-5	5.70786990188996E-5	2.0782114172803317E-5	1.0128687366680395E-5	3.340326604575272E-6	2.202216912988972E-5	7.852288855132744E-6	4.776801085695233E-5	2.184681922532606E-5	6.702372519514244E-6
23	23	3.055764877259573E-5	4.839398100232974E-5	4.384488801840778E-5	0.3154851055376575	0.6835726306311465	5.292956560091718E-5	2.2150996274808584E-4	8.065084550577898E-5	3.930722318211021E-5	1.2963077898830728E-5	8.546322791938016E-5	3.047301781022962E-5	1.8537721579761504E-4	8.478273324281238E-5	2.601044369686505E-5
24	24	1.3026721914130433E-5	2.0630348150359667E-5	1.8691070370708712E-5	0.8919547053027844	0.10764360774184542	2.2563867307003625E-5	9.442966988076915E-5	3.4381445521603E-5	1.6756664408984732E-5	5.526158514221764E-6	3.643296355274992E-5	1.29906437452807E-5	7.902628429897184E-5	3.614286875580845E-5	1.1088248949509268E-5
25	25	3.088233955503508E-5	4.8908192016205026E-5	4.431076257252038E-5	0.21258213868869993	0.7864655854407979	5.349196954099221E-5	2.2386362037593601E-4	8.150780234583372E-5	3.972488270642424E-5	1.3100817288962347E-5	8.637131880521499E-5	3.079680934503399E-5	1.8734694434877682E-4	8.568359352165172E-5	2.6286818079540185E-5
26	26	2.0167718755216625E-5	3.193950573761295E-5	2.8937153410906954E-5	0.7217024373892467	0.27767567864048487	3.4932942675628824E-5	1.461941873678531E-4	5.322868855635485E-5	2.594234353842894E-5	8.555491661388541E-6	5.640480906818881E-5	2.011186323244114E-5	1.2234696391903783E-4	5.595568991790428E-5	1.7166612427563792E-5
27	27	3.2873985127074366E-6	5.2062350200753595E-6	4.716842605730827E-6	0.7250280259443415	0.2748706051074026	5.694174199382465E-6	2.3830090053950202E-5	8.676435531324858E-6	4.2286796339976345E-6	1.394570744688445E-6	9.194152679878501E-6	3.2782938953371094E-6	1.9942921264591747E-5	9.120944914310475E-6	2.7982091999374497E-6
28	28	5.431435220399391E-6	8.6017342115378E-6	7.793160749697902E-6	1.2631525355173906E-5	0.6111169962845833	9.407906640483363E-6	0.3887422625970932	1.4335194638009041E-5	6.986618571219263E-6	2.3041078320015426E-6	1.5190566186055139E-5	5.416392584326428E-6	3.294966659364533E-5	1.5069612418273135E-5	4.623197322696618E-6
29	29	1.157338050492887E-4	1.8328699320300644E-4	0.15944562037732962	2.691543641062419E-4	6.648566639956044E-4	2.0046503159279992E-4	8.389451373023454E-4	3.054563949042093E-4	1.4887187619182763E-4	4.909626200453832E-5	3.236827752197598E-4	1.154132743902546E-4	7.020962480903157E-4	3.2110547489076313E-4	0.8363162153217295
30	30	3.869408780237978E-5	6.127961493196325E-5	5.551925671032795E-5	8.99882501286916E-5	2.2228615158455242E-4	6.702286795509027E-5	2.804903613972729E-4	1.0212536051319006E-4	4.9773369554542213E-5	1.6414694669057055E-5	0.5459519172058719	3.858692255832047E-5	2.347367206820706E-4	1.0735742624168051E-4	0.4526838077093989
31	31	4.642024133465062E-6	7.35154819662461E-6	6.660493738413802E-6	1.079564482716622E-5	2.6667063078486723E-5	8.040550590843401E-6	3.364966331446632E-5	1.2251700842832421E-5	5.971175334487405E-6	1.9692261305236614E-6	0.9998323803841602	4.629167811544961E-6	2.8160723880654517E-5	1.2879377492132691E-5	3.951256468110959E-6
32	32	2.074347425540168E-5	3.2851326569945125E-5	2.9763261977683704E-5	4.824170967323738E-5	1.1916515738207665E-4	3.593022125370004E-5	0.14289221856298606	5.4748280860071973E-5	2.668295516442542E-5	8.799737004187054E-6	0.8565091196934932	2.068602414848686E-5	1.2583977033221277E-4	5.75531336659013E-5	1.76566912334356E-5
33	33	5.930125412798728E-6	9.391507138002772E-6	8.508694061974067E-6	1.3791295757297117E-5	0.04084097632910603	1.0271698728990065E-5	4.298700692111335E-5	1.565138836618997E-5	7.628098772698296E-6	2.5156607515197796E-6	0.9589789586192924	5.913701628875701E-6	3.597495823504518E-5	1.6453237116221656E-5	5.047678710911747E-6
34	34	2.2167369353071968E-5	3.5106341437704294E-5	3.180630270938101E-5	5.155316719771973E-5	0.1297864173495141	3.839658080714031E-5	1.6068949532614595E-4	5.850636919969678E-5	2.8514554277582066E-5	9.4037776883452E-6	0.8695404824664967	2.210597569626818E-5	1.3447779450607227E-4	6.15037556240865E-5	1.8868700165922883E-5
35	35	0.2787544409473224	1.4747541188009204E-5	1.3361254406906342E-5	2.1656556208507434E-5	5.34953455509943E-5	1.6129711435093204E-5	6.75027602921222E-5	2.457747102655149E-5	1.1978450229927021E-5	3.950357488200334E-6	0.7209186185658406	9.286321893164042E-6	5.6491697286945406E-5	2.58366190305811E-5	7.926400800121099E-6
36	36	2.1197336307796533E-5	3.357010541660077E-5	3.0414474739867908E-5	4.929722627058994E-5	1.2177246135813557E-4	3.671636554951196E-5	1.5365780302146602E-4	5.594615961511087E-5	0.08025302058173406	8.992273059048511E-6	0.9190088280733992	2.1138629206845243E-5	1.2859311317790323E-4	5.8812381902033156E-5	1.804301524179801E-5
37	37	2.4197465225649856E-5	3.8321393152630366E-5	3.4719135658741745E-5	5.627442529016475E-5	1.3900731942774816E-4	4.1912953858725554E-5	1.7540549865664606E-4	6.38644040995557E-5	3.112592768979507E-5	1.0264979122204291E-5	0.9991262497331327	2.4130449115081046E-5	1.4679332059452634E-4	6.713629227973593E-5	2.0596702696021993E-5
38	38	7.430844621583047E-5	0.9972266410469224	1.0661963973081588E-4	1.7281417975004748E-4	4.268801638096447E-4	1.2871126990013262E-4	5.386560096828596E-4	1.9612238690635194E-4	9.55851905183531E-5	3.15229153919966E-5	2.078248795428859E-4	7.41026451948823E-5	4.50790339670736E-4	2.061700892005332E-4	6.325079756240034E-5
39	39	1.0087817051659211E-5	1.59760206155254E-5	1.447425527636927E-5	2.3460560919111735E-5	5.795154137641772E-5	1.7473326510797878E-5	7.312578254798503E-5	2.6624789772882094E-5	1.2976262644443726E-5	4.279424743800504E-6	0.9996357373485696	1.0059878329291907E-5	6.119749109065495E-5	2.7988825595120074E-5	8.586674956542097E-6
40	40	1.873750468250921E-5	2.967448354369538E-5	2.688504605386305E-5	4.357656050114886E-5	0.07747055754606509	3.245563788859918E-5	1.358266794380113E-4	4.9453922537001905E-5	2.410261613752624E-5	7.948770359809315E-6	0.9219604882560591	1.8685610210345427E-5	1.1367060584037449E-4	5.1987535852490285E-5	1.5949224830453184E-5
41	41	1.445045898845387E-4	2.28851127574099E-4	2.0733884366507644E-4	3.360646527109525E-4	0.19970571863527203	2.5029953144780563E-4	0.0010475022656506747	3.813911678998558E-4	1.8588060251954955E-4	6.130132162170082E-5	0.7959064776299073	1.4410437707368867E-4	8.76633498281304E-4	4.009305227544226E-4	1.2300123373697283E-4
42	42	1.3657319466599909E-6	2.162902204053447E-6	1.9595867702416427E-6	3.176191377154664E-6	7.845728269124812E-6	2.365613899222385E-6	9.900082132622384E-6	3.604578253126678E-6	1.7567821017186842E-6	5.793668794751094E-7	3.81966104469584E-6	0.9999482268480917	8.285178865748836E-6	3.789247274113001E-6	1.1625008902997499E-6
43	43	1.5667142080431083E-6	2.4811967106616414E-6	2.2479612066914732E-6	3.6436023703054503E-6	9.00031223677855E-6	2.713739629302722E-6	0.999950402478962	4.135031019072092E-6	2.015311632659436E-6	6.646269965077065E-7	4.381765575059507E-6	1.56237511336452E-6	9.504432752629151E-6	4.346876088430137E-6	1.333575498581208E-6
44	44	3.1552870610815853E-5	4.9970108376865205E-5	4.5272857505686124E-5	7.338039928233454E-5	1.8126195958784739E-4	5.465341091262775E-5	2.2872424660712158E-4	8.327753590711152E-5	4.058740698164752E-5	0.4125498136409907	0.5863242238127471	3.146548333095414E-5	1.914147043113152E-4	8.754399371331389E-5	2.685756913447823E-5
45	45	0.13506828782237862	2.4865344619996534E-5	2.2527972029215415E-5	3.65144078285199E-5	9.019674437477092E-5	2.71957764580302E-5	1.1381418611187602E-4	4.143926632733005E-5	2.0196471342815023E-5	6.660567959366047E-6	0.864380468565429	1.56573622125895E-5	9.524879458214565E-5	4.356227440363456E-5	1.3364443942118143E-5
46	46	1.7818510082237107E-5	0.08585824701952535	2.5566449337266612E-5	4.1439316269457307E-5	1.0236209865909888E-4	3.086382742752688E-5	1.2916496075713802E-4	4.702841879230085E-5	2.2920485728054255E-5	0.9134842848786732	4.983457332318328E-5	1.776916081235669E-5	1.0809554796863584E-4	4.9437769192552454E-5	1.5166983451674813E-5
47	47	5.273748954052832E-6	8.352007335144508E-6	7.5669085029541674E-6	1.2264804959791412E-5	3.0296136335002697E-5	9.134774841598402E-6	3.8228986236749894E-5	1.391901305283078E-5	6.783781981592758E-6	2.2372146174928604E-6	0.999809569328315	5.259143038114071E-6	3.1993066783156604E-5	1.4632109102648118E-5	4.488975943849752E-6
48	48	1.257483784031432E-4	0.9953067866596701	1.8042695662261326E-4	2.9244458705971756E-4	7.223874418746118E-4	2.1781149110749285E-4	9.115399821170972E-4	3.318878724821682E-4	1.617539232636755E-4	5.334461551745627E-5	3.5169140151902447E-4	1.2540011187388785E-4	7.628494081110377E-4	3.488910845598508E-4	1.0703608581823491E-4
49	49	0.4318152952850239	2.839314715798302E-5	0.5675308348882602	4.169493609302396E-5	1.0299352272577531E-4	3.105421199059051E-5	1.2996171918493255E-4	4.731851518376007E-5	2.306187151926205E-5	7.605544548694584E-6	5.0141979573748776E-5	1.7878770481643873E-5	1.0876233901123925E-4	4.9742727743421297E-5	1.526054150192703E-5
50	50	3.6448342126620765E-7	5.772303980481502E-7	5.229700396424033E-7	8.47654697228643E-7	2.0938500331994804E-6	6.313296320644145E-7	2.6421112981499305E-6	9.619816078363029E-7	4.6884599310985937E-7	0.9999859740456619	1.0193824117922578E-6	3.634739658942383E-7	2.211129604294464E-6	1.011265654193705E-6	3.1024558132193385E-7
51	51	1.353016303699083E-6	2.142764509937581E-6	1.941342043827906E-6	3.1466194574040985E-6	7.772680640940912E-6	2.3435888585111115E-6	9.807907449303337E-6	3.5710178387250787E-6	1.7404255875284737E-6	5.739726859799674E-7	3.7840981026450067E-6	1.34926905623475E-6	8.208039734177837E-6	3.7539674993767877E-6	0.9999485112902317
52	52	1.595949097058215E-5	2.5274958442805565E-5	2.2899081655244925E-5	3.711591994937825E-5	9.168258073991694E-5	2.7643780140644556E-5	1.1568907924429183E-4	4.212190702884234E-5	2.0529173501599124E-5	6.7702893706559275E-6	0.9994237161056098	1.5915290348676812E-5	9.681785479277183E-5	4.427988801492467E-5	1.3584600189960598E-5
53	53	6.414363566952524E-6	1.0158392450649535E-5	9.20349122392568E-6	1.491745602137673E-5	3.684863174560605E-5	1.1110458128886564E-5	4.649721074229228E-5	1.6929438809445455E-5	8.250988882479458E-6	2.7210828689279455E-6	0.9997683826869409	6.396598660834351E-6	3.8912576946093076E-5	1.779676438021821E-5	5.4598586315012745E-6
54	54	1.0302365426535828E-5	1.631579970177405E-5	1.4782094715882454E-5	2.395952171440703E-5	5.918405867527778E-5	1.7844950400028063E-5	0.76926979214945	0.23043125659130206	1.325224267541382E-5	4.370439838492192E-6	2.881351936168555E-5	1.0273832501532876E-5	6.249904346742676E-5	2.8584093829604005E-5	8.769296939879596E-6
55	55	1.4033068558860851E-5	2.2224093820036896E-5	2.0135002011989814E-5	0.8111837326691481	8.06158506902316E-5	2.4306982137137098E-5	1.0172459657636652E-4	0.18833997070676922	1.8051158381913078E-5	5.953067994265481E-6	3.9247500538384414E-5	1.3994203261798108E-5	8.513126117450617E-5	3.8934995197372065E-5	1.1944843739804912E-5
56	56	7.960361310310306E-6	1.2606780609649434E-5	1.1421727922654356E-5	0.36155034543485504	4.572993398703706E-5	1.3788314320797191E-5	5.770402528120804E-5	2.1009792834053873E-5	1.0239652303197251E-5	3.376921586353621E-6	2.2263433225719208E-5	7.938314684816082E-6	4.8291333781274696E-5	0.14244371716892995	0.495743606804368
57	57	7.282226967424135E-6	1.1532822964842292E-5	1.0448723600674414E-5	0.999733613815907	4.1834251677446204E-5	1.2613703130808718E-5	5.278828342722005E-5	1.921999190639468E-5	9.367347690965918E-6	3.0892453852779223E-6	2.0366836064814115E-5	7.262058469480857E-6	4.4177448666732714E-5	2.0204666628226617E-5	6.198577512738653E-6
58	58	5.870238836557475E-6	9.29666509519767E-6	8.422767286368925E-6	0.9997852647918858	3.3722795237475236E-5	1.0167967892584273E-5	4.255289389851041E-5	1.5493329641048953E-5	7.5510648675230235E-6	2.490255840340689E-6	1.6417806335932054E-5	5.853980911553039E-6	3.561165781066137E-5	1.6287080758575417E-5	4.99670370196675E-6
59	59	2.500988993510362E-6	3.960802571548604E-6	0.9999062851248985	5.816382705971772E-6	1.436744603883775E-5	4.332017230261979E-6	1.8129470068478495E-5	6.600863778110759E-6	3.2170974041718545E-6	1.060962359645549E-6	6.994732937958329E-6	2.494062377298396E-6	1.5172187487579644E-5	6.939037890577435E-6	2.1288232575184026E-6
60	60	4.254686539849891E-6	0.6441167903095756	6.104731953737262E-6	9.894839710981423E-6	2.4441922548272644E-5	7.369634751620145E-6	3.0841883940760884E-5	0.3557356445846187	5.4729313317385085E-6	1.8049108902856091E-6	1.1899451040448047E-5	4.242902969094391E-6	2.5810950008571723E-5	1.1804702535339598E-5	3.621557585013587E-6
61	61	1.936184595023818E-6	0.9999277372202641	2.778086670984875E-6	4.502854919908642E-6	1.1122810920966325E-5	3.353707292745126E-6	1.403524795735493E-5	5.110174732552584E-6	2.4905725098397366E-6	8.213626617214943E-7	5.415095466602459E-6	1.9308222333180887E-6	1.1745815660321147E-5	5.371978166591214E-6	1.6480659480833003E-6
62	62	1.1766392569319298E-6	0.9999560851668425	1.688271792184118E-6	2.7364311650090434E-6	6.7594463930125285E-6	2.0380823538440953E-6	8.529364281608871E-6	3.105505650420191E-6	1.513546484588609E-6	4.991505223435177E-7	3.290809111080754E-6	1.1733804946687419E-6	7.138052769420823E-6	3.264606285184642E-6	1.0015465971123979E-6
63	63	1.8152571838229808E-6	2.8748128601783674E-6	0.13553331945830077	4.221622133594273E-6	1.0428118517460081E-5	0.7782117651778722	1.3158654782609682E-5	4.791010845607232E-6	2.3350199417649007E-6	7.70063183048704E-7	5.076887282390783E-6	1.8102297367326567E-6	1.1012212529764572E-5	0.08619507634139646	1.5451334337444412E-6
64	64	2.0084346283879084E-6	3.1807469211371945E-6	2.8817528478477913E-6	4.67088198666312E-6	1.1537866108476688E-5	0.9999253387921452	1.4558982696180131E-5	5.300864347516035E-6	2.583509901963443E-6	8.520123631321524E-7	5.6171634043069995E-6	2.00287216654031E-6	1.2184118689654061E-5	5.572437153180045E-6	1.7095646399132367E-6
65	65	5.788401350746197E-6	9.167059517127765E-6	8.305344790030746E-6	1.346169759205873E-5	3.32526629560463E-5	1.0026215410052084E-5	4.195966048031266E-5	0.8962277445291297	7.445794846802989E-6	2.4555389774200236E-6	1.6188924338030743E-5	5.772370078820778E-6	3.511519273965837E-5	0.10357838956355139	4.9270442418156075E-6
66	66	1.5533024494174892E-5	0.34206376034325114	2.2287176759000095E-5	3.61241154094589E-5	8.923265628880832E-5	2.6905088315642845E-5	1.1259765771493001E-4	0.657397508452582	1.9980596839416216E-5	6.589374988268466E-6	4.344255745924716E-5	1.549000499286505E-5	9.423070652702255E-5	4.309664928555408E-5	1.3221595092423797E-5
67	67	1.1667119386793197E-5	1.8477153074117925E-5	1.6740278246476128E-5	2.7133438654043718E-5	6.702416870021886E-5	2.0208870307810218E-5	8.457401942075206E-5	0.38941219755315937	1.500776676379244E-5	4.949391839387619E-6	0.6101973055512993	1.1634806706289125E-5	7.077828940300302E-5	3.23706276632653E-5	9.930965375416515E-6
68	68	1.6503215191296193E-5	0.28393463795605456	2.3679230931372567E-5	3.8380422976934675E-5	9.480611643775038E-5	0.24986806725264182	1.1963049282528735E-4	0.4656535000825792	2.1228582328900416E-5	7.000946496177908E-6	4.6155973968821665E-5	1.645750869750905E-5	1.0011634424619111E-4	4.578846041542284E-5	1.404741420862906E-5
69	69	7.412229233853085E-6	1.1738706842186431E-5	1.06352541435226E-5	1.72381254137266E-5	0.12245624885190057	0.24739045917908717	5.373065950491319E-5	0.4820233799728899	9.534573518408688E-6	3.1443945729423323E-6	2.0730424684100074E-5	7.3917006880213205E-6	4.496610418068675E-5	0.14793708058886365	6.309234476452678E-6
70	70	4.843140609666596E-6	0.25495962117141024	0.13164880617301106	1.126336795473693E-5	2.78224180707896E-5	8.388908797319054E-6	3.510754063621171E-5	0.6132305472839457	6.2298775099879884E-6	2.0545431837806146E-6	1.3545231599779997E-5	4.829727285437343E-6	2.9380791978390583E-5	1.343737868782091E-5	4.122445319049098E-6
71	71	1.0564499668353774E-5	1.6730940264878318E-5	0.1454099186601903	2.4569149775429765E-5	6.0689942781134954E-5	1.8298998800538265E-5	7.658121687974443E-5	0.8542221005345674	1.3589433839023625E-5	4.4816416728324165E-6	2.954665294210853E-5	1.0535240749236574E-5	6.408927432173937E-5	2.9311389887728373E-5	8.992423659758017E-6
72	72	3.221804548154293E-6	5.102354217659073E-6	0.9998792753540239	7.492735195768943E-6	1.8508319354223926E-5	5.580557472006717E-6	2.335460462793482E-5	8.503313288162244E-6	4.144304143485351E-6	1.3667446616503387E-6	9.010700347388562E-6	3.212881596604751E-6	1.9544997111052354E-5	8.938953307546704E-6	2.742376104447663E-6
73	73	4.18726013130759E-6	6.631340937069716E-6	6.0079868358775445E-6	9.738030625620047E-6	2.4054577666372775E-5	7.2528440083030555E-6	3.0353115274179544E-5	1.1051441570512876E-5	5.386198713379558E-6	1.7763074531273125E-6	1.1710873752845875E-5	4.175663301419697E-6	2.5401909379175725E-5	0.9998487082856239	3.5641647268089934E-6
74	74	5.524348548491315E-6	8.74888054036714E-6	7.92647514492262E-6	1.2847607663440932E-5	3.173575728487179E-5	9.568843829435263E-6	4.004556274241796E-5	1.4580420915892364E-5	7.106135781168255E-6	2.343523256887746E-6	1.5450424953153395E-5	5.509048584230848E-6	3.351332298620187E-5	0.9998003973633108	4.702284457541583E-6
75	75	4.771580390231473E-6	7.556725730908904E-6	6.846384335307552E-6	1.1096945142066416E-5	2.7411325661375022E-5	0.454767832975956	3.458880630362999E-5	1.2593638854049616E-5	6.137827446279563E-6	2.0241861132514574E-6	1.3345092924548236E-5	4.758365255669331E-6	2.894667368809051E-5	0.5450680279384069	4.061533791712551E-6
76	76	5.9912464759878366E-6	9.488304231026125E-6	8.596392110702732E-6	1.3933440923000048E-5	3.4417948528558946E-5	1.0377567846988664E-5	4.3430068641303175E-5	1.581270527447365E-5	7.706720635583791E-6	2.541589353202325E-6	1.6756238901394934E-5	5.974653414171833E-6	3.634574764377574E-5	0.999783527671514	5.09970450597876E-6
77	77	4.9588247176275765E-6	7.853263546702097E-6	7.1150472363003396E-6	1.153240674165122E-5	2.8486989239632526E-5	0.19451030640596675	3.594612552327812E-5	1.308783307144633E-5	6.3786854593196E-6	2.103618363429247E-6	1.3868775382840491E-5	4.945091000377904E-6	3.008258674033148E-5	0.8053191134322377	4.220914772609924E-6
78	78	3.2948519755265317E-6	5.218039028320665E-6	4.727537022866273E-6	0.9998794732643135	1.8927955335737578E-5	5.707084503842508E-6	2.388411961243124E-5	8.69610746625609E-6	4.238267247517575E-6	1.3977326312543586E-6	9.214998426108435E-6	3.2857267154118615E-6	1.9988137511291134E-5	9.141624677816798E-6	2.8045535321354365E-6
79	79	2.19500287810066E-6	3.4762140364060193E-6	3.149445695465761E-6	5.104771277630994E-6	1.2609645819328604E-5	3.802012049265461E-6	1.591140108253547E-5	0.9999203945978514	2.8234982559342984E-6	9.311578095790603E-7	6.138955017476532E-6	2.188923705997058E-6	1.3315930333454368E-5	6.090074038945944E-6	1.8683701485074753E-6
80	80	1.1709506881027527E-6	1.8544281916588032E-6	1.6801096896232707E-6	2.7232016412304056E-6	6.726767238524647E-6	2.0282290605079503E-6	8.488128299128079E-6	3.0904918026858587E-6	1.5062291073185425E-6	4.967373340313457E-7	3.274899397018622E-6	1.1677076806202443E-6	0.999961546592089	3.248823251052447E-6	9.96704529571529E-7
81	81	2.251074850228883E-5	3.565014911569226E-5	3.2298991805237474E-5	5.235174110199469E-5	1.2931762804222933E-4	0.2633740512674539	1.6317862343667353E-4	0.7358485506401917	2.8956253210467725E-5	9.54944500369586E-6	6.295776367494175E-5	2.2448403839467827E-5	1.3656089556919666E-4	6.245646710479786E-5	1.9160981947608667E-5
82	82	7.916993956772101E-6	1.2538099969366292E-5	1.1359503345963674E-5	1.841202294489886E-5	4.5480801298558964E-5	1.3713196787994827E-5	5.738965878860846E-5	0.46581743181891655	1.0183867571294958E-5	3.358524412331317E-6	2.2142143984937704E-5	7.895067439369063E-6	4.802824681030876E-5	0.5339174111673132	6.738886459933262E-6
83	83	2.2864933121909182E-5	3.621106935797858E-5	3.280718486356673E-5	5.3175444565555116E-5	1.3135231448962515E-4	3.9604846126840036E-5	1.6574607954175215E-4	0.7159583635063212	2.9411851545100502E-5	9.699696184631741E-6	6.3948342534507E-5	2.280160752677114E-5	1.387095477496105E-4	0.2832758411148054	1.9462461265454368E-5
84	84	5.216951698698363E-6	8.262057832908143E-6	7.485414363162794E-6	1.2132715384568326E-5	2.9969852811333905E-5	0.9998060659233613	3.781726745526286E-5	1.376910797666361E-5	6.710721962840544E-6	2.213120249137529E-6	1.4590701509407466E-5	5.2025030856468806E-6	3.164850764704924E-5	1.4474524120063975E-5	4.4406305419005434E-6
85	85	6.06627569256274E-6	9.60712759039407E-6	8.704045929990873E-6	1.410793135013158E-5	3.484896930604872E-5	1.0507527578846315E-5	4.39739494579264E-5	0.9997799964998366	7.803232974705035E-6	2.5734180317235915E-6	1.6966079621944874E-5	6.049474833515623E-6	3.680091051889214E-5	1.6830988458809195E-5	5.163568817917956E-6
86	86	2.549248906446084E-6	4.037231531353912E-6	0.9999044767715932	5.928617555353117E-6	1.4644685041785053E-5	4.415609271214968E-6	1.8479302334572363E-5	6.72823623439057E-6	3.2791755824580987E-6	1.0814350411477197E-6	7.129705624151839E-6	2.5421886319508562E-6	1.5464955048370594E-5	7.0729358666684496E-6	2.169901737003903E-6
87	87	6.400238530954427E-6	1.013602270849967E-5	9.183224264703742E-6	0.9425114151012317	3.6767487569031944E-5	1.108599184795506E-5	4.639481948107196E-5	1.6892158582012915E-5	8.232819423612895E-6	2.7150907867710447E-6	1.7900102471231243E-5	0.057260844645610244	3.8826887766737216E-5	1.7757574219745334E-5	5.447835505760194E-6
88	88	1.6789211178934408E-5	2.658898179254241E-5	2.4089585214355128E-5	0.802982428009106	9.64490792538117E-5	0.19643249824994405	1.2170365496676258E-4	4.4311788745031605E-5	2.1596467574226127E-5	7.122270891719492E-6	4.6955843764349677E-5	1.6742712604714417E-5	1.0185133178768047E-4	4.658196130644004E-5	1.4290851869338884E-5
89	89	0.3377697148179322	8.883968897256523E-6	8.048865032212957E-6	1.3045983010001657E-5	3.2225777840812964E-5	0.4709493832298095	4.0663892052850736E-5	0.15442125362967582	7.215859099721031E-6	2.3797087670960887E-6	1.568898947698408E-5	0.03667712553029077	3.4030790302759756E-5	1.5564067050348298E-5	4.774890761635561E-6
90	90	2.6710753469840997E-6	4.23016739801213E-6	3.832526525479119E-6	6.211941154023116E-6	1.5344542104361276E-5	4.626627488760748E-6	1.936241250139609E-5	0.9999031290440266	3.435884599023679E-6	1.1331159034609174E-6	7.470428201722811E-6	2.663677667965995E-6	1.6204012118027227E-5	7.410945465735472E-6	2.273599498437869E-6
91	91	9.525753664271704E-6	1.5085883907241427E-5	0.8652666492757797	2.2153407719100235E-5	5.472265256097283E-5	1.6499764338001368E-5	6.905142980806072E-5	2.5141335081783682E-5	1.225326359517306E-5	4.040987829723557E-6	2.6641501856766357E-5	9.499371605040996E-6	5.7787747539013825E-5	0.13440283937393974	8.108250775398197E-6
92	92	1.5385166990068348E-6	0.26785299880989033	2.2075027069131074E-6	3.5780253108559145E-6	8.838325842372363E-6	2.6648981128815906E-6	1.1152585044106548E-5	4.060609293701266E-6	1.9790403282434248E-6	6.526651303016257E-7	4.30290315473851E-6	0.7320911145296282	9.333373265805668E-6	4.268641604339917E-6	1.3095739883001688E-6
93	93	2.813275796560285E-6	4.455369471199258E-6	4.0365593303010144E-6	6.542647221839687E-6	1.6161441855334066E-5	4.8729359688514185E-6	2.0393212237422575E-5	7.425082777867707E-6	3.6188013165265065E-6	1.1934397693061838E-6	7.868132538296856E-6	0.9998933523115343	1.7066667606470525E-5	7.805483110733791E-6	2.394639465056219E-6
94	94	2.713468892401861E-6	4.297305823708298E-6	3.89335385762687E-6	6.310532985115744E-6	1.5588080551657596E-5	4.700058267415982E-6	1.9669719936471693E-5	0.999901591572133	3.4904166922360097E-6	1.1510999714023911E-6	7.588993908833036E-6	2.705953802303685E-6	1.6461191506265436E-5	7.528567102109355E-6	2.3096845694590414E-6
95	95	1.8499190527199034E-6	0.36598549851924905	2.654310687095881E-6	0.08147520450772183	1.0627240757611493E-5	3.204284877609294E-6	1.3409915910233546E-5	4.882493965075975E-6	2.379606546800503E-6	7.847673414076686E-7	0.5524797298801246	1.8447956078208481E-6	1.1222487894805613E-5	5.132632904276451E-6	1.5746373591308755E-6
96	96	2.06113400578953E-6	3.264206636502986E-6	2.9573672486156295E-6	4.7934414014105E-6	1.184060852880034E-5	0.9999233797544377	1.4940996286687438E-5	5.43995388862237E-6	2.6512986969881925E-6	8.74368341485099E-7	5.764552326000585E-6	2.0554255903360507E-6	1.2503818151143437E-5	5.718652501407716E-6	1.754421958582139E-6
97	97	7.83128808363511E-5	1.2402368047475127E-4	0.6198400070612151	1.821270253221103E-4	4.498844626992733E-4	0.37736116850755225	5.676838373871349E-4	2.0669129684837715E-4	1.0073621527547162E-4	3.3221665132622474E-5	2.1902442932528692E-4	7.809598933006525E-5	4.7508314263866E-4	2.172804633901978E-4	6.665934257219302E-5
98	98	2.323044140574389E-5	3.678992282526347E-5	3.3331625401966566E-5	5.40254827170632E-5	1.3345205205679154E-4	4.023795094556737E-5	0.9992645931846215	6.131213676773181E-5	2.9882015849773228E-5	9.854751057841305E-6	6.497059126837558E-5	2.316610351682487E-5	1.4092689465717125E-4	6.445326770632503E-5	1.97735792021834E-5
99	99	5.4721589345402436E-5	8.666228134586099E-5	7.851592165658169E-5	1.2726233771431E-4	3.143594330561179E-4	9.47844506819984E-5	0.9982676769222728	1.4442676794180063E-4	7.039002710210169E-5	2.3213835289200508E-5	1.5304461731135968E-4	5.457003512069855E-5	3.319671599199889E-4	1.5182601078439842E-4	4.657861045735997E-5
100	100	2.5924112340461624E-5	4.105587473181733E-5	3.719657264872774E-5	6.0289972917110196E-5	1.4892639916562155E-4	4.490371674147141E-5	0.999179319558986	6.842154626504089E-5	3.334696583326371E-5	1.0997452396560698E-5	7.250421451101345E-5	2.5852314192895116E-5	1.5726798234585326E-4	7.192690502710282E-5	2.2066411897092536E-5
101	101	1.8152371195145437E-5	2.8747810844429846E-5	2.6045481713680804E-5	4.221575471375086E-5	1.0428003253910533E-4	3.144211549572158E-5	0.9994253498132458	4.7909578898496744E-5	2.3349941324411664E-5	7.700546714254705E-6	5.076831166798326E-5	1.8102097279933424E-5	1.1012090810136775E-4	5.036407271434828E-5	1.5451163551541086E-5
102	102	2.1197336307796533E-5	3.357010541660077E-5	3.0414474739867908E-5	4.929722627058994E-5	1.2177246135813557E-4	3.671636554951196E-5	0.9993289552567531	5.594615961511087E-5	2.7266771580411392E-5	8.992273059048511E-6	5.928442982110633E-5	2.1138629206845243E-5	1.2859311317790323E-4	5.8812381902033156E-5	1.804301524179801E-5
103	103	2.0167718755216625E-5	3.193950573761295E-5	2.8937153410906954E-5	4.690271364293333E-5	1.1585761140648954E-4	3.4932942675628824E-5	0.9993615498920498	5.322868855635485E-5	2.594234353842894E-5	8.555491661388541E-6	5.640480906818881E-5	2.011186323244114E-5	1.2234696391903783E-4	5.595568991790428E-5	1.7166612427563792E-5
104	104	1.8039702680110223E-5	2.856937833423408E-5	2.588382207613207E-5	4.1953729089464315E-5	1.0363278506450834E-4	3.1246959919384755E-5	0.9994289165639755	4.761221272785014E-5	2.320501242300817E-5	7.6527508007662E-6	5.045320185533209E-5	1.7989740806080657E-5	1.0943740735886263E-4	5.0051471940441194E-5	1.5355260948283175E-5
105	105	2.0451545115315376E-5	3.238899998963464E-5	2.9344394657372303E-5	4.756278961154453E-5	1.1748811035058723E-4	3.5424564464265556E-5	0.9993525647920272	5.3977791868888524E-5	2.6307437926560423E-5	8.675895663773741E-6	5.719861087811083E-5	2.0394903521000857E-5	1.240687894690541E-4	5.6743171139205294E-5	1.7408203317424904E-5
106	106	1.7818510082237107E-5	2.821907682841511E-5	2.5566449337266612E-5	4.1439316269457307E-5	1.0236209865909888E-4	3.086382742752688E-5	0.7787301327266508	4.702841879230085E-5	2.2920485728054255E-5	7.558917112899307E-6	4.983457332318328E-5	1.776916081235669E-5	0.2208138816863322	4.9437769192552454E-5	1.5166983451674813E-5
107	107	3.627912079525301E-5	5.745504490912316E-5	5.205420091419679E-5	8.437192299882716E-5	2.0841287655195534E-4	6.283985127147685E-5	0.3497689686531545	9.575153468507185E-5	4.666692482009999E-5	1.5390224309133117E-5	1.0146496519784617E-4	3.617864392513949E-5	0.6493026284604125	1.00657057863239E-4	3.0880518191666384E-5
108	108	1.688675874139973E-5	2.674346733296802E-5	2.422954892637332E-5	3.9272404540067446E-5	9.700946130410355E-5	2.924992073969223E-5	0.9994654153465629	4.456924616423303E-5	2.172194593930682E-5	7.163652238186601E-6	4.7228663496849194E-5	1.683999000424445E-5	1.024431016477321E-4	4.6852608731853246E-5	1.4373883630066042E-5
109	109	2.66368805878647E-5	4.2184681901524126E-5	3.8219270573657454E-5	6.19476103230798E-5	1.5302104306822703E-4	4.6138318067964996E-5	0.33929084708337237	7.03027565057412E-5	3.4263821079107103E-5	1.1299820893026478E-5	7.44976753179894E-5	2.6563108392387286E-5	0.21095209047347604	0.4491493143415051	2.267311493586223E-5
110	110	7.069361362596464E-5	1.1195708872303925E-4	1.0143298642226372E-4	1.6440740554382916E-4	4.061140139748816E-4	1.2244994004044707E-4	0.997762050046478	1.8658175415335105E-4	9.093532257749084E-5	2.998944150457871E-5	1.9771496356678624E-4	7.049782406771602E-5	4.288610477258411E-4	1.961406726880014E-4	6.017387890769615E-5
111	111	2.7916108962744137E-5	4.4210588872713455E-5	4.005473982929136E-5	6.492262613320289E-5	1.6036983376467608E-4	4.835409725603714E-5	2.023616510035462E-4	7.367902575985784E-5	3.590933103330777E-5	1.1842491476007596E-5	7.80754043172606E-5	2.783879387922394E-5	0.9990832495884402	7.745373464362163E-5	2.3761984628286784E-5
112	112	1.4820184625326167E-5	2.347064522360273E-5	2.1264376069807086E-5	3.4466311438286915E-5	8.513760094206683E-5	2.5670362932091264E-5	0.22956688593754485	3.911493418486496E-5	1.9063649464751995E-5	6.286976108758949E-6	4.144889634235932E-5	1.4779139370286467E-5	0.7700538572921141	4.111886254891083E-5	1.2614831090011465E-5
113	113	1.5786124785116885E-5	2.5000399364380116E-5	2.265033146361631E-5	3.671273381558998E-5	9.068664300444725E-5	2.73434888140817E-5	0.09244899235292864	4.166434141101822E-5	2.0306167360157195E-5	6.69674446594373E-6	4.4150425005346965E-5	1.574240430967919E-5	0.9071470319306033	4.3798880488298235E-5	1.3437032180407829E-5
114	114	2.4817313983995233E-5	3.930304423642007E-5	3.560851034853708E-5	5.771596605972159E-5	1.4256816820032428E-4	4.298660732472492E-5	1.7989873294938606E-4	6.550037180172701E-5	3.192325780065379E-5	1.052792958019668E-5	6.940873550661073E-5	2.474858117076613E-5	0.9991850123941342	6.885607354696528E-5	2.1124313355778408E-5
115	115	1.9361617684322523E-5	3.066288788651075E-5	2.778053918813447E-5	4.5028018336324676E-5	1.1122679788912797E-4	3.3536677543112393E-5	1.4035082489210278E-4	5.110114486297269E-5	2.4905431473080893E-5	8.213529782904543E-6	5.415031625493083E-5	1.9307994699459292E-5	0.9993641746059864	5.371914833811983E-5	1.648046518258083E-5
116	116	2.688326040798261E-5	4.257487227326623E-5	3.857278257660818E-5	6.252059938002997E-5	1.5443642265597728E-4	4.656507789326177E-5	1.9487461407239275E-4	7.095302711248668E-5	3.458074685598912E-5	1.1404339431892354E-5	7.518674714017607E-5	2.680880585106308E-5	0.9991171677945527	7.45880781871896E-5	2.2882831608990816E-5
117	117	2.66368805878647E-5	4.2184681901524126E-5	3.8219270573657454E-5	6.19476103230798E-5	1.5302104306822703E-4	4.6138318067964996E-5	1.9308862637476784E-4	7.03027565057412E-5	3.4263821079107103E-5	1.1299820893026478E-5	7.44976753179894E-5	0.5407500157830643	0.4584018061042581	7.390449304878714E-5	2.267311493586223E-5
118	118	9.050618134239019E-5	1.433341437056181E-4	1.298605601321506E-4	2.104841681868211E-4	5.19931387140136E-4	1.5676771790592257E-4	6.56072101843239E-4	2.3887309207209915E-4	1.1642082464722541E-4	3.839427201346955E-5	2.531264909070554E-4	0.12465010187790866	0.8724679780029757	2.5111098981080583E-4	7.703818940859329E-5
119	119	2.2864933121909182E-5	3.621106935797858E-5	3.280718486356673E-5	5.3175444565555116E-5	1.3135231448962515E-4	3.9604846126840036E-5	0.16537298055402236	6.034745023867293E-5	2.9411851545100502E-5	9.699696184631741E-6	6.3948342534507E-5	2.280160752677114E-5	0.8340418930856041	6.343915855293406E-5	1.9462461265454368E-5
120	120	2.3607825220310003E-5	3.738758350552751E-5	3.387310525248601E-5	5.490313899554011E-5	1.356200110545235E-4	4.089162562840864E-5	0.23572693561557556	6.230816640180001E-5	3.0367456006994015E-5	1.0014843734551617E-5	6.60260533295232E-5	2.354244214772369E-5	0.7636689270019162	6.550032572831552E-5	2.0094805502476604E-5
121	121	2.5248495471313242E-5	3.9985903996380964E-5	3.622718046179602E-5	5.871873598493089E-5	1.45045179002076E-4	4.3733466122295977E-5	1.830243332173992E-4	6.663838970936864E-5	3.247789952325919E-5	1.0710844150955465E-5	7.06146581873611E-5	2.5178568479026133E-5	0.9991708526197013	7.005239415692354E-5	2.1491331835586107E-5
122	122	1.8037721318629382E-4	2.8566240462908437E-4	2.5880979168521677E-4	4.194912116968484E-4	0.0010362140272566827	3.1243527960229137E-4	0.001307540055546802	4.760698331769913E-4	2.3202463738110606E-4	7.651910273295877E-5	5.044766040974876E-4	1.7987764932081204E-4	0.311401207882424	5.004597461821141E-4	0.6828288345610815
