0	0	0.40695115129710974	8.258713365517848E-5	5.387641904688406E-6	1.0831859076647447E-5	1.086697627927557E-5	1.0401130975199001E-4	2.7953431977624835E-5	5.4058695565609945E-6	0.5928018044806883
1	1	2.4363665503520096E-6	3.1149329714222225E-6	0.999986431629771	4.085444485883615E-7	4.098689615904373E-7	3.922987078108483E-6	1.0543175804485878E-6	2.0389279268664405E-7	2.017459845898124E-6
2	2	0.0015000336744864116	0.0019178166562113827	1.2511040067881036E-4	2.5153457730672015E-4	2.523500597328443E-4	0.0024153232283079746	0.9921701785103624	1.255336784076492E-4	0.0012421192145057624
3	3	4.3483771299037885E-4	5.559468583312579E-4	3.62676661383022E-5	7.291617661283821E-5	7.315257298126047E-5	0.9982422440998006	1.8817244284591544E-4	3.6390368130063185E-5	3.600721021693199E-4
4	4	0.3200363512005217	0.20265799304834614	4.0615042897626E-6	8.16565816440466E-6	8.192131466016349E-6	0.47721976499294316	2.1072852631855918E-5	4.075245308112092E-6	4.0323366328776714E-5
5	5	0.14786280973910806	0.24345642840912562	1.8629186884614454E-5	3.74539976146286E-5	0.12162300627656505	0.4867013698287802	9.665633269434011E-5	1.869221377823681E-5	1.8495401544915251E-4
6	6	0.30512056763434814	7.716072314049563E-5	5.033645399578873E-6	1.0120148772806469E-5	1.0152958589899417E-5	0.6454168645643451	2.6116743979247453E-5	5.0506753985314265E-6	0.049328932906026274
7	7	2.4934360414322716E-4	3.18789721377012E-4	2.0796518605983087E-5	4.18114200628027E-5	4.194697390449554E-5	0.8341761501924447	1.0790139331975125E-4	2.0866878089411593E-5	0.16502239329805263
8	8	0.4424647354004932	1.3468076268971087E-4	8.786014100599347E-6	1.766428954758707E-5	1.7721557688811488E-5	1.6961870337142292E-4	4.558566657925658E-5	8.815739239947235E-6	0.5571323918662895
9	9	1.9316209473552577E-4	0.2856492894006768	1.61106963659294E-5	3.239057007677946E-5	3.2495581248414715E-5	0.7138168471715105	8.358930733411858E-5	1.6165202617454317E-5	1.599499754346031E-4
10	10	2.469494161657604E-4	3.157287143747132E-4	2.0596831210789228E-5	4.140994836843482E-5	4.154420062720077E-5	0.9990017498934695	1.0686532816971165E-4	2.0666515105084802E-5	2.0448915250885561E-4
11	11	0.0329332572690152	0.00105574858351695	6.887265676418947E-5	1.3846854069028106E-4	1.3891745973239865E-4	0.0013296234907351186	0.9635822258465553	6.910566906033808E-5	6.837804839302147E-4
12	12	9.886256680937483E-5	1.263973472913839E-4	8.245638452011025E-6	1.6577863801869433E-5	1.6631609719181706E-5	0.9996003652513877	4.2781962435142307E-5	8.273535374232172E-6	8.18642247290406E-5
13	13	1.976147023314918E-4	2.526535064443465E-4	1.6482066375731052E-5	3.313720982801537E-5	3.324464162747164E-5	0.9992011769020664	8.551613663925235E-5	1.6537829058803266E-5	1.6363700562844013E-4
14	14	0.0015929416247447922	0.0020366009325450372	1.3285939397194614E-4	2.671139355532455E-4	2.6797992671258786E-4	0.993560810261114	6.893323828280765E-4	1.3330888835634764E-4	0.0013190526541739034
15	15	1.4678370791763019E-5	1.876652802486454E-5	1.2242504167103976E-6	2.461356605158576E-6	2.4693363949649047E-6	0.9999406652364924	6.351944199801487E-6	1.2283923420267867E-6	1.2154584732460396E-5
16	16	1.579627955249291E-5	2.0195791966013374E-5	1.3174896655060327E-6	2.6488142018648292E-6	2.657401734659793E-6	2.5434842945806178E-5	6.835710018867066E-6	1.3219470409948673E-6	0.9999237917228738
17	17	0.39959534456049517	4.102755197058236E-4	2.6764672469006424E-5	0.08739509517733304	5.398485385418244E-5	5.167063230690698E-4	0.5117092490473414	2.6855223611951604E-5	2.6572462212038034E-4
18	18	1.8483287380045965E-4	0.16553106221538813	1.5415997182669233E-5	3.0993876720603E-5	3.1094359771695776E-5	0.8339580947451704	7.998490549975098E-5	1.5468153104477987E-5	1.5305287336197693E-4
19	19	1.8483287380045965E-4	2.3631173754236218E-4	1.5415997182669233E-5	3.0993876720603E-5	3.1094359771695776E-5	2.9761407429604395E-4	0.9990352160542197	1.5468153104477987E-5	1.5305287336197693E-4
20	20	0.5080839720313364	7.698008037177771E-5	5.021861014924151E-6	1.0096456256462003E-5	1.0129189261726866E-5	9.694971395559513E-5	2.605560146074464E-5	5.0388511445489315E-6	0.49168575621519783
21	21	0.992099494677484	0.0021710710903135428	1.416316690813903E-4	2.847506028462951E-4	2.8567377259470806E-4	0.002734275154905236	7.348467655392713E-4	1.4211084212292126E-4	0.0014061454251126245
22	22	1.976147023314918E-4	0.5150615748913323	1.6482066375731052E-5	3.313720982801537E-5	3.324464162747164E-5	0.4843922555171786	8.551613663925235E-5	1.6537829058803266E-5	1.6363700562844013E-4
23	23	3.434580687818082E-6	4.391165453305384E-6	2.8646141305044206E-7	5.759309382383945E-7	5.77798123115414E-7	5.5302908567204575E-6	0.999982072300019	2.8743057896836793E-7	2.8440419296386287E-6
24	24	1.4052785011774464E-5	1.796670676141069E-5	1.1720733963377504E-6	2.3564546570123836E-6	2.3640943516473232E-6	0.9999431940583102	6.081227100264359E-6	1.1760387945983466E-6	1.163656161680507E-5
25	25	0.14572538971461113	2.175500595542923E-4	1.4192063162234114E-5	2.8533156230451105E-5	2.862566155404093E-5	0.8537569332338868	7.363460290158439E-5	1.4240078229169032E-5	1.4090142987029897E-4
26	26	6.747724410494533E-5	0.35428183215568443	5.627943685705624E-6	1.1314986031610954E-5	1.13516695458992E-5	0.6455316735277854	2.9200222244795607E-5	5.646984334671603E-6	5.587526658249533E-5
27	27	0.14217470506100266	5.671393085516624E-7	3.699781514765468E-8	7.438414187745193E-8	7.462529743201977E-8	7.142626179592273E-7	1.919607738128833E-7	0.8578232682478859	3.6732115667676566E-7
28	28	8.137227487489158E-7	1.0403573383931506E-6	6.786859579822188E-8	0.3214566089027198	0.6785390648670239	1.3102395565411519E-6	3.521318249476776E-7	6.809821112143311E-8	6.738119808193874E-7
29	29	4.479464717929859E-5	0.9998040686679548	3.7361002970728684E-6	7.5114331334637E-6	7.53578541846934E-6	7.212741532156868E-5	1.9384515037075477E-5	3.748740397655065E-6	3.7092695260633736E-5
30	30	5.6535101371862846E-6	0.9999752716040494	4.715313599524793E-7	9.48014239175863E-7	9.510877289522634E-7	9.103165207605035E-6	2.4465099999089267E-6	4.731266607590794E-7	4.681450616904672E-6
31	31	2.0441707300115642E-5	0.9999105881797761	1.704941851890138E-6	3.4277871841262207E-6	3.438900170018971E-6	3.2914814719174005E-5	8.845980658280786E-6	1.7107100686887E-6	1.6926978271651038E-5
32	32	1.3134182897396867E-5	0.44533612924174476	1.0954573306127376E-6	2.202417985380902E-6	2.209558288639757E-6	2.114838991717273E-5	5.683709592693253E-6	1.099163518814724E-6	0.5546172978787246
33	33	2.9624807364791084E-5	0.4653977242003656	2.4708588763586188E-6	4.967664076506197E-6	4.983769388136332E-6	4.770125269809551E-5	1.2819891661043085E-5	2.4792183694766313E-6	0.5344972283371999
34	34	5.969770575157207E-6	0.9999738882841042	4.979090811906011E-7	1.0010466723384658E-6	1.0042920948078653E-6	9.612401230114702E-6	2.5833691025365412E-6	4.995936239936862E-7	4.94333351558439E-6
35	35	3.606367004847716E-5	0.5483214159813162	3.0078926136496296E-6	6.047370906442209E-6	6.066976659063824E-6	5.806897634877765E-5	1.56062565142807E-5	3.018069017427324E-6	0.4515507048065755
