0	0	4.551338029299584E-6	0.7636589735865508	9.20536354739794E-6	9.685337530340083E-5	4.564603120135158E-6	4.551052382754117E-6	0.23618406000188538	1.3812097497423782E-5	2.3428581683542672E-5
1	1	0.9999898553786376	1.8527157870081934E-6	3.464783311634364E-7	3.645439495124987E-6	1.7180593285040802E-7	1.7129590010160426E-7	2.555193488991065E-6	5.198700155766039E-7	8.818224116237835E-7
2	2	1.059043316037756E-4	0.0011453765827581861	2.1419808139519074E-4	0.002253665165945671	1.062129948077743E-4	1.0589768494156814E-4	0.001579658794527026	3.213914115133204E-4	0.9941676949525075
3	3	3.065397299630524E-5	3.3152886484218267E-4	6.199956227960826E-5	0.9988063687360543	3.0743315456401486E-5	3.0652049122175285E-5	4.572317042892439E-4	9.302663546032444E-5	1.577951594994079E-4
4	4	3.430974964954376E-6	0.2594531945822631	6.939359737972784E-6	0.7404503137900804	3.4409747044313624E-6	3.430759633519967E-6	5.1176091620779505E-5	1.041209429449097E-5	1.7661372700325194E-5
5	5	1.574097047561312E-5	1.7024175215145295E-4	3.183708941943286E-5	0.8777633311966052	1.5786848281624205E-5	1.5739982556497962E-5	2.3479079721896897E-4	0.12167150274924574	8.102861404537098E-5
6	6	4.252265653179701E-6	0.25819583083047887	8.600471111054042E-6	0.7416845798287961	4.264659083371723E-6	4.251998776716906E-6	6.34263843035392E-5	1.2904492570880955E-5	2.1889069226302886E-5
7	7	1.7572929269244705E-5	1.9005475385806822E-4	3.5542339741573076E-5	0.9993157298801886	1.762414640616202E-5	1.7571826374555887E-5	2.6211611787155774E-4	5.3329155254920164E-5	9.04588510352803E-5
8	8	7.422619845740521E-6	0.4752776129313223	1.5012709166910074E-5	0.26643232402489325	7.444253423791156E-6	7.422153994664725E-6	0.25819202677114045	2.25256723046471E-5	3.820886390822058E-5
9	9	1.3612359873214287E-5	1.4722040164692366E-4	2.7531842408601095E-5	0.8792678115015575	1.3652033742534095E-5	1.3611505547838229E-5	0.12040517914739593	4.1309883056035955E-5	7.007132477137905E-5
10	10	1.7404135886858245E-5	1.8822921958027005E-4	3.5200944653082715E-5	0.9993223025048329	1.7454861067446375E-5	1.7403043585811622E-5	2.5959841206191903E-4	5.281691234098295E-5	8.958996599061332E-5
11	11	5.824432095249548E-5	0.41851390954726714	1.1780275283608385E-4	0.0012394506934418816	5.841407679201286E-5	5.8240665480419765E-5	8.687666730015422E-4	1.7675598570974808E-4	0.5789084152845186
12	12	6.966034852232209E-6	7.533906379084972E-5	1.4089237689187917E-5	0.9997287504302832	6.986337691635427E-6	6.965597656889138E-6	1.0390470390276348E-4	2.1140058578397915E-5	3.585853555488237E-5
13	13	1.3926227816614957E-5	1.5061494639316314E-4	2.816665979774631E-5	0.9994577283371149	1.3966816468961818E-5	1.3925353792571563E-5	2.077222707698808E-4	4.2262388584664666E-5	7.168699926148933E-5
14	14	1.1247851936948319E-4	0.001216477741733145	2.2749478404012863E-4	0.9956202128429514	1.1280634335594208E-4	1.1247146010464931E-4	0.0016777187450852874	3.413423186535439E-4	5.789972447063906E-4
15	15	1.0341417274159843E-6	1.1184450153246987E-5	0.999939816558042	2.2006740918283634E-5	1.0371557825933232E-6	1.0340768236426194E-6	1.5425158251428792E-5	3.1383444326199543E-6	5.323373868772802E-6
16	16	1.1081395916368967E-6	1.1984751893215962E-5	0.9999355101404125	2.358143013470755E-5	1.1113693171037658E-6	1.1080700436832599E-6	1.6528903256213977E-5	3.362908222134322E-6	5.704287128817814E-6
17	17	2.2618265056764798E-5	0.424665749401652	4.5746844404560534E-5	0.12531106478950688	2.2684187064444645E-5	2.2616845511735104E-5	3.373718597983017E-4	0.08744946094267887	0.36212268686432636
18	18	1.3025236875617052E-5	1.4087054869508568E-4	2.634434971851138E-5	0.8557207784889691	1.30631995470771E-5	1.3024419398669948E-5	0.1439663165997888	3.952812128980637E-5	6.704903571727201E-5
19	19	1.3025236875617052E-5	1.4087054869508568E-4	2.634434971851138E-5	2.7717962221408E-4	1.30631995470771E-5	1.3024419398669948E-5	1.9428317680475935E-4	3.952812128980637E-5	0.9992826813254564
20	20	4.2423097296773045E-6	0.8241912567841224	8.580334638065296E-6	9.027719184042598E-5	4.254674142857459E-6	4.242043478058267E-6	0.17566243456318623	1.2874278997376474E-5	2.1837819865014093E-5
21	21	1.1992293530780349E-4	0.9940753424130297	2.4255157715659772E-4	0.0025519838311459362	1.2027245639805997E-4	1.1991540882394916E-4	0.0017887589351228551	3.6393413628816576E-4	6.173183067269246E-4
22	22	1.3926227816614957E-5	1.5061494639316314E-4	2.816665979774631E-5	0.5767356079548004	1.3966816468961818E-5	1.3925353792571563E-5	0.42292984265308436	4.2262388584664666E-5	7.168699926148933E-5
23	23	2.416192533266773E-7	2.6131606754225326E-6	4.886899308740621E-7	5.1417055978541515E-6	2.4232346411532203E-7	2.4160408905968877E-7	3.6039694757011434E-6	7.332500163070468E-7	0.9999866936774973
24	24	9.900661834066928E-7	1.0707764306539178E-5	2.0024702835895347E-6	0.9999614479353124	9.929517783178098E-7	9.900040458587334E-7	1.4767731688572716E-5	3.0045869074286178E-6	5.096489494019565E-6
25	25	1.1990866150261498E-5	0.1920439863569088	2.425227075000002E-5	0.8076187864106957	1.2025814099118836E-5	1.19901135914599E-5	1.7885460284215339E-4	3.638908190949242E-5	6.172448305296743E-5
26	26	4.754357962228268E-6	5.1419334729006005E-5	9.615983957911479E-6	0.9998148706432153	4.768214764300052E-6	4.754059573947923E-6	7.091554475280522E-5	1.4428208867196716E-5	2.447365217740335E-5
27	27	3.127190991288607E-8	0.08910805601485629	6.324937803266055E-8	6.654724407962733E-7	0.9108904303946996	3.1269947256414655E-8	4.664487917299337E-7	9.490190925544294E-8	1.6097606705498629E-7
28	28	5.6626131814332776E-8	6.12422970525625E-7	1.1452986490525033E-7	1.2050153078692399E-6	5.6791171364757E-8	0.3192376704460427	8.446299199094176E-7	0.6807591480484959	2.914900950214225E-7
29	29	3.156071040077265E-6	3.413354116949922E-5	6.383349493774374E-6	0.13244617883559107	3.1652695590096395E-6	3.155872961889258E-6	0.8674780029556425	9.57783417397616E-6	1.6246270368297127E-5
30	30	3.983041733090085E-7	4.307739504270967E-6	8.055949028948459E-7	8.475991748814343E-6	3.994650497381198E-7	3.982791753390887E-7	0.9999819555579276	1.2087469750563506E-6	2.050320542924411E-6
31	31	1.4402003181916923E-6	1.5576055237374673E-5	2.912894499306824E-6	3.064774820765476E-5	1.4443978504161171E-6	1.44010992977338E-6	0.9999347543587147	4.370623997300781E-6	7.413611245353011E-6
32	32	9.25346362302567E-7	1.0007806463357606E-5	1.871570429930957E-6	1.9691553986272365E-5	9.280433282214444E-7	9.252882866355761E-7	0.9999580788755169	2.808179505176499E-6	4.763336121204576E-6
33	33	2.087213597836093E-6	2.2573633599050012E-5	4.221519000668577E-6	4.441631903150259E-5	2.093296880991574E-6	2.0870826022145773E-6	0.9999054426054694	6.334136802336634E-6	1.0744193016010565E-5
34	34	4.2058571336670576E-7	4.548718828000207E-6	8.506607000970322E-7	8.950147337270604E-6	4.2181153040249564E-7	4.2055931698495533E-7	0.9999809461335083	1.2763655087026043E-6	2.1650175568390693E-6
35	35	2.5408862573277117E-6	2.748019438415017E-5	5.13910010214917E-6	5.407056313988751E-5	2.5482917909948075E-6	2.5407267887544788E-6	0.9998848897953998	7.710912371295658E-6	1.3079529765789428E-5
