0	0	2.3567430684400686E-5	5.708008639368666E-6	5.73753558874124E-6	5.7325882831657744E-6	0.9996268119225366	5.731511757892136E-6	2.3655389963187565E-5	2.3792071412999204E-5	2.9697722643030214E-5	1.239275250345082E-4	5.000293519469637E-5	5.834939010910061E-5	1.1540420996160755E-5	5.7455471562123866E-6
1	1	8.871641976504695E-7	2.1487030014176642E-7	2.159818023967205E-7	2.1579556773923218E-7	1.368327352791087E-6	0.9999847992649634	8.904753062747341E-7	8.956204954291933E-7	1.1179307847965386E-6	4.6650848277160754E-6	1.8822931729903723E-6	2.1964842308329407E-6	4.344236107325988E-7	2.1628338706764382E-7
2	2	5.467369390821913E-4	1.3241915139306109E-4	1.3310414222369418E-4	1.3298937049726988E-4	8.432656666135929E-4	1.3296439636492445E-4	5.487774918896573E-4	5.519483423103099E-4	0.5250708849738384	0.46899224746883217	0.0011600098500159724	0.0013536378815650098	2.677243241172276E-4	1.332900012566572E-4
3	3	1.5860707591962837E-4	3.841447851222408E-5	3.861319271079434E-5	3.857989770797824E-5	2.4462934922509736E-4	3.8572652772028627E-5	1.5919903539943794E-4	1.6011889150837854E-4	1.9986349012584103E-4	0.9980778654576001	3.3651607783783083E-4	3.926871058126749E-4	7.766618489702746E-5	3.866710997089569E-5
4	4	1.7766635049167846E-5	4.303061615464303E-6	4.325320916473514E-6	4.321591321431396E-6	2.7402562873046884E-5	4.32077976789745E-6	1.7832944373519816E-5	1.7935983583407125E-5	2.2388040811736186E-5	0.7422884541317588	0.2575339301822842	4.398749839523616E-5	8.6999067016777E-6	4.331360547918187E-6
5	5	0.12164823814469274	1.9734784296912166E-5	1.9836870333151598E-5	1.9819765592330198E-5	1.256741631443739E-4	1.9816043629837202E-5	8.178579393924705E-5	8.225835435389286E-5	1.0267646520845993E-4	0.8774457796449385	1.7287940552047855E-4	2.0173631478365172E-4	3.9899680158854624E-5	1.9864569407542057E-5
6	6	2.201899038801071E-5	5.332977915498084E-6	5.360564868998803E-6	5.355942614016005E-6	3.3961229396488305E-5	5.354936819198142E-6	2.2101170517872155E-5	2.222887164787331E-5	2.774650653180946E-5	0.7322299153857996	0.2675499575011582	5.451568637938037E-5	1.078218590693704E-5	5.368050056056417E-6
7	7	9.095969171228898E-5	2.2030348283646986E-5	2.2144309039407746E-5	2.2125214663106107E-5	1.4029267017423794E-4	2.2121059759318673E-5	9.129917500127497E-5	9.182670397565251E-5	1.1461986384264974E-4	0.9988976736101306	1.929888595378214E-4	2.252024247783989E-4	4.4540839012019064E-5	2.2175230089609038E-5
8	8	3.843202275179136E-5	9.30819828573166E-6	9.35634865075337E-6	9.348280950757453E-6	0.5161078486354697	9.346525432968373E-6	0.11471603603513299	3.879835023602543E-5	4.842884943961173E-5	2.0209184129909866E-4	0.3686876643646061	9.515186947003129E-5	1.8819264952087817E-5	9.369413322395003E-6
9	9	7.046759206065205E-5	1.706718180968047E-5	1.7155468608994545E-5	1.7140675960794586E-5	0.12026212594759038	1.7137457105721176E-5	7.073059394059843E-5	7.113927712615926E-5	8.87974184527727E-5	0.751329545237413	1.4951084343136956E-4	0.1278374965470954	3.450633587750043E-5	1.7179423526943957E-5
10	10	9.008644845955781E-5	2.181884962273614E-5	2.1931716317389492E-5	2.1912805253442553E-5	1.3894581394230612E-4	2.190869023811153E-5	9.042267259621005E-5	9.094513711721463E-5	1.1351947507873271E-4	0.9989082563096114	1.911361023849416E-4	2.2304040669946266E-4	4.411323216324853E-5	2.1962340515238413E-5
11	11	3.0111547325874753E-4	7.29298728327722E-5	7.330713166311617E-5	7.324392111294372E-5	4.64428726384323E-4	7.32301666048012E-5	3.022393081058333E-4	3.039856545785087E-4	0.9951468764626862	0.0015833926001637103	6.388756456784024E-4	7.455163209068291E-4	1.4744922246294072E-4	7.340949356089468E-5
12	12	3.6068457541659394E-5	8.735745105755858E-6	8.780934228577139E-6	8.773362691251588E-6	5.5630577922263154E-5	8.771715137615185E-6	3.620307363769482E-5	3.641225592554289E-5	4.5450480477836236E-5	0.9995628919597065	7.652632012288087E-5	8.930003986920965E-5	1.766188220884053E-5	8.793195424336866E-6
13	13	7.209173005916704E-5	1.7460546442898067E-5	1.75508680775363E-5	1.7535734488183992E-5	1.1119146423090267E-4	1.7532441444896063E-5	7.236079360993839E-5	7.277889613099252E-5	9.084402253362523E-5	0.9991263315097094	1.5295677133817111E-4	1.7848820845993218E-4	3.530163836548572E-5	1.757537510875303E-5
14	14	5.80563259516292E-4	1.4061185308640692E-4	1.4133922393140362E-4	1.4121735133997956E-4	8.954380599730599E-4	1.411908320714948E-4	5.827300602287266E-4	5.860970894599012E-4	7.315776967262079E-4	0.9929642439424962	0.0012317790356854532	0.0014373867294303485	2.8428828409182694E-4	1.4153658196279747E-4
15	15	5.355483505825718E-6	0.9999082334203655	1.3038025918510577E-6	1.3026783618167155E-6	8.260088254068598E-6	1.3024337312745158E-6	5.375471449061264E-6	5.4065310609392395E-6	6.748536397758785E-6	2.816139888678705E-5	1.1362710609575239E-5	1.3259366304665346E-5	2.622455333501086E-6	1.3056231474314308E-6
16	16	0.2042667127783881	1.3899030951343984E-6	1.3970929227810778E-6	1.3958882512806725E-6	8.851118193378045E-6	1.395626116812357E-6	0.1657384666273871	0.6299123901470232	7.231411027534121E-6	3.0176417293730654E-5	1.2175740925402698E-5	1.4208107071262853E-5	2.810098560658791E-6	1.3990437436589974E-6
17	17	1.170574085178942E-4	2.8351189744434317E-5	2.8497847571555043E-5	2.847327472873797E-5	1.8054476763835876E-4	2.8467927719960315E-5	1.1749429471765758E-4	1.18173179765488E-4	0.37438470430578075	0.07546297704894571	0.4618075714843078	2.89816420221484E-4	0.0873793332099996	2.8537640340605574E-5
18	18	6.742938965211527E-5	1.633133216071736E-5	1.641581248448042E-5	1.6401657619665352E-5	1.0400045277678004E-4	1.639857754517108E-5	6.768105223520564E-5	6.807211509059215E-5	8.496892761427694E-5	0.8554665370823813	1.4306470001519347E-4	0.14388324156679874	3.301859903696008E-5	1.643873458880186E-5
19	19	6.742938965211527E-5	1.633133216071736E-5	1.641581248448042E-5	1.6401657619665352E-5	0.3737663716316979	1.639857754517108E-5	6.768105223520564E-5	6.807211509059215E-5	0.6252508591692708	3.5457226908087216E-4	1.4306470001519347E-4	1.6694495952136406E-4	3.301859903696008E-5	1.643873458880186E-5
20	20	2.1967443350569512E-5	5.32049327349411E-6	5.348015645208837E-6	5.343404211046906E-6	0.7444802717480449	5.342400770821249E-6	2.2049431094578734E-5	2.2176833272865326E-5	2.768155122796245E-5	1.1551411446703796E-4	0.2552184840730878	5.438806371923967E-5	1.0756944525254733E-5	5.355483309246062E-6
21	21	6.188512538269303E-4	1.4988516782469443E-4	1.5066050858566232E-4	1.5053059852887925E-4	9.544919645800142E-4	1.5050233032161097E-4	6.211609544766071E-4	6.247500384002443E-4	7.798250534628029E-4	0.0692039188684159	0.924609333351286	0.001532182006286947	3.0303702167635465E-4	1.5087088232733286E-4
22	22	0.15372551368106158	1.7460546442898067E-5	1.75508680775363E-5	1.7535734488183992E-5	1.1119146423090267E-4	1.7532441444896063E-5	7.236079360993839E-5	0.24591825401773484	9.084402253362523E-5	0.5996274344371032	1.5295677133817111E-4	1.7848820845993218E-4	3.530163836548572E-5	1.757537510875303E-5
23	23	1.2512970185434546E-6	3.030629128778924E-7	3.0463062656766003E-7	3.0436795267675937E-7	1.9299515709419125E-6	3.0431079528513154E-7	1.2559671578035695E-6	1.2632241682486116E-6	0.9999798326570629	6.579849312712334E-6	2.6548725045772313E-6	3.098021963237323E-6	6.127309581858841E-7	3.0505599540080745E-7
24	24	5.1272373336887805E-6	1.2418118626804973E-6	1.2482356294118113E-6	1.2471593131095646E-6	7.908050287103792E-6	1.2469251085139268E-6	5.146373407708887E-6	5.17610928522908E-6	6.460919490967893E-6	0.9999378638063339	1.087844150503704E-5	1.2694263340440133E-5	2.510688507812874E-6	1.2499785944549469E-6
25	25	6.207654312191695E-5	1.5034877971512495E-5	1.5112651869334902E-5	1.5099620680996839E-5	9.574443169076125E-5	1.5096785116591632E-5	6.230822760359447E-5	6.26682461404821E-5	7.822371411462476E-5	0.8074018954047156	0.191977516185722	1.5369212196909656E-4	3.039743496890512E-5	1.513375431449563E-5
26	26	2.4618545970246762E-5	5.962587732564138E-6	5.993431593747996E-6	5.988263636690248E-6	3.79706822324962E-5	5.98713909802958E-6	2.471042826226758E-5	2.4853205750426063E-5	3.102225099925735E-5	0.9997016516613858	5.223308281766593E-5	6.095179241102261E-5	1.2055127629930242E-5	6.001800479806192E-6
27	27	1.6195188163215484E-7	3.922458718125044E-8	0.28875848188206177	3.939349484098208E-8	2.497882467080468E-7	3.938609711926922E-8	0.04692707696873135	1.6349557933832138E-7	2.0407833703366214E-7	8.516115368757244E-7	0.13387753195295304	4.009683383310986E-7	7.930405822271284E-8	0.5304346799940965
28	28	0.1019748970365441	7.102652103752409E-8	7.139393402220678E-8	0.35867691092158355	4.52307887340008E-7	7.131897762750558E-8	2.943513507115175E-7	2.960521203640945E-7	3.6953796942834393E-7	1.5420686127352025E-6	6.222020240209154E-7	7.260595500025593E-7	0.5393436042293007	7.149362443991363E-8
29	29	1.634323242139057E-5	3.958314892520484E-6	3.978790853721041E-6	3.9753600612022375E-6	2.5207162343155667E-5	3.974613526588847E-6	0.12019132400204208	0.5416744707427879	2.0594386806122847E-5	8.59396330541566E-5	3.4675379025494085E-5	0.3379235711359336	8.002899641741204E-6	3.984346610349501E-6
30	30	2.0627267593117377E-6	4.995904017064362E-7	5.021747321498887E-7	5.01741721876785E-7	3.1814690601529305E-6	5.01647499578277E-7	2.0704253481190257E-6	2.082388318873178E-6	2.5992772825653617E-6	1.084669031287981E-5	4.376480145478945E-6	0.9999692624433048	1.0100691722097733E-6	5.028759403056722E-7
31	31	7.458238649613345E-6	1.806378099359152E-6	1.8157223099336831E-6	1.8141566668159202E-6	1.1503295528535691E-5	1.8138159855379883E-6	7.486074577145091E-6	7.52932930802015E-6	9.398254132485967E-6	3.921857538654297E-5	1.5824118838293274E-5	0.9998888616573649	3.6521254717573494E-6	1.818257681012417E-6
32	32	4.79208323380632E-6	1.160637867803102E-6	1.16664172969745E-6	1.1656357693779657E-6	0.43459836885868314	1.1654168741244415E-6	4.809968432696978E-6	4.8377605536449885E-6	6.038586075235313E-6	2.5198801807363063E-5	1.016734622438975E-5	0.565337613420623	2.3465713639872204E-6	1.168270761672514E-6
33	33	1.0808661166098276E-5	2.6178471528054255E-6	2.63138901043558E-6	2.6291200422834537E-6	1.667085615018253E-5	2.6286263186749994E-6	1.0849001670481345E-5	1.0911687480338546E-5	1.3620178871078365E-5	5.6836514984969114E-5	2.2932698564700894E-5	0.9998389356060406	5.292749215305476E-6	2.63506333197553E-6
34	34	2.1781163445609043E-6	5.275376462879751E-7	5.30266544991218E-7	5.29809311986918E-7	3.359441442426477E-6	5.297098188633253E-7	2.186245594853271E-6	0.3641945419145715	2.744681673248146E-6	1.1453457588709872E-5	4.621301824626857E-6	0.6357751999378988	1.0665727601562176E-6	5.310069789523119E-7
35	35	1.3157832860904413E-5	3.18681423746049E-6	3.2032993040737917E-6	3.200537194756679E-6	2.0294126673180208E-5	3.1999361644699766E-6	1.3206941034991864E-5	1.328325107896276E-5	1.6580410317919426E-5	6.918945400140348E-5	2.7916927927231996E-5	0.9998039296132062	6.443083789887326E-6	3.2077722085304065E-6
