0	0	1.610798225796271E-5	2.919639485009255E-5	3.951000290206205E-6	3.939056868243094E-6	3.94716761848322E-6	7.941721961665102E-6	3.352282059020768E-5	5.619867804101057E-5	1.2008640438453645E-5	0.9998252751750943	3.957512839304542E-6	3.953849150003489E-6
1	1	6.062536589327565E-7	1.0988602372444379E-6	1.487031922448148E-7	1.4825367950328352E-7	1.4855894256671502E-7	0.9999919554909721	1.261693259595767E-6	2.1151410303239167E-6	4.5196735928992587E-7	1.7673189496752672E-6	1.4894830405687269E-7	1.4881041434428264E-7
2	2	0.8781714503870659	6.801598988132056E-4	9.204259537506152E-5	9.176436113704607E-5	9.195330936476213E-5	1.8501054097888478E-4	7.809484142696001E-4	0.11834869884828948	2.7975356914577786E-4	0.0010939148012090608	9.219431187151541E-5	9.210896247967846E-5
3	3	1.0852239762758106E-4	1.967014068225291E-4	2.6618605462424678E-5	2.6538140462739563E-5	2.6592784057978304E-5	5.3504821073754907E-5	2.2584932162376863E-4	0.9988851090379622	8.090438838075437E-5	3.163588160920136E-4	2.6662481686740076E-5	2.6637798747514943E-5
4	4	1.214266453398822E-5	2.200908981578268E-5	2.9783786901024238E-6	2.9693753919882703E-6	2.9754895109205855E-6	5.986700510241488E-6	2.5270475106138347E-5	4.236419458236415E-5	9.052461693726147E-6	0.999868287355883	2.9832880386288744E-6	2.980526243301129E-6
5	5	5.571723010979983E-5	1.0098982133128615E-4	1.3666441197157587E-5	1.3625129108581864E-5	1.3653184052413751E-5	2.7470277960320423E-5	1.1595485262164491E-4	1.943902486439397E-4	4.1537678146151226E-5	0.9993956298734842	1.3688967991072696E-5	1.36762953535835E-5
6	6	1.5049460920436793E-5	2.727778043689518E-5	3.6913639158436156E-6	3.6802053449430745E-6	3.6877831046413045E-6	7.419838958661105E-6	3.131989906220272E-5	0.7393359774212822	0.26052063337176434	4.387140114569667E-5	3.6974484987279426E-6	3.6940255654220926E-6
7	7	6.220300097001498E-5	1.1274555360796273E-4	1.5257284925474554E-5	1.521116389826834E-5	1.5242484581205192E-5	0.16493792137407484	1.294525911623433E-4	2.1701826887538854E-4	4.63728765576731E-5	0.8344180246812373	1.528243395353987E-5	1.5268286156162293E-5
8	8	2.6270819993945785E-5	4.761696538371757E-5	6.443762834958734E-6	6.424284076944238E-6	6.437512056474006E-6	1.2952308039309793E-5	0.19670486080340321	9.165551160098132E-5	1.9585124088070263E-5	0.8030648501151495	6.4543842773171995E-6	6.4484090955346315E-6
9	9	4.818155247032544E-5	8.733108889033457E-5	1.1818074091727871E-5	1.1782349405496208E-5	1.1806609957315176E-5	2.3754961190843698E-5	0.2104869908045411	0.7891182943035808	3.591976512741734E-5	1.4045634108910855E-4	1.1837554168193807E-5	1.1826595487245026E-5
10	10	6.160540228260571E-5	1.1166238087036718E-4	1.5110704643129528E-5	1.5065026711351036E-5	1.5096046489207426E-5	3.0373324754758108E-5	1.282089100319484E-4	0.999367104784643	4.5927361554697344E-5	1.7958884577799013E-4	1.5135612058637136E-5	1.512160018243717E-5
11	11	0.9973676037632164	3.738628607577346E-4	5.059296803373822E-5	5.044003127818014E-5	5.054389027526639E-5	1.016945724694921E-4	4.292631905710647E-4	7.196298944130936E-4	1.5377188489136575E-4	6.012911342154351E-4	5.067636189963264E-5	5.062944797857999E-5
12	12	2.4654702689382862E-5	4.46876848448865E-5	6.047358130938221E-6	6.029077659003333E-6	6.0414918852270605E-6	1.2155513376593442E-5	5.130966509182294E-5	0.9997467130675232	1.8380294624884995E-5	7.187209944144689E-5	6.05732616785297E-6	6.0517185648014406E-6
13	13	4.929268017429048E-5	8.934505455371264E-5	1.2090613868002574E-5	1.2054065325200248E-5	1.2078885356111472E-5	2.4302780722022505E-5	1.0258452284278969E-4	0.4152748034780614	3.6748120464816895E-5	0.5843624899236742	1.211054317973651E-5	1.2099331777707217E-5
14	14	3.985765297732679E-4	7.224367121144205E-4	9.776370246652709E-5	9.746817397615261E-5	9.766886669065872E-5	1.9651027231172121E-4	8.294899562887115E-4	0.001390582241320656	2.971422588256037E-4	0.995676602242239	9.792484923078492E-5	9.783419476243526E-5
15	15	3.6598604296941797E-6	6.633650850264552E-6	8.97698382594617E-7	0.9999505270947996	8.968275693944082E-7	1.8044217758411833E-6	7.616648851794532E-6	1.2768782251528971E-5	2.728457683357327E-6	1.0669033654908815E-5	8.991780850402575E-7	8.983456659771568E-7
16	16	3.9217445638008375E-6	7.108326850144852E-6	9.619338823167697E-7	9.59026066216224E-7	9.610007574067879E-7	1.9335385668792644E-6	0.9999541896608989	1.3682462307852196E-5	2.9236945760145693E-6	1.1432464581892022E-5	9.635194660114788E-7	9.626274825606802E-7
17	17	8.00666581280456E-5	1.4512418300424994E-4	1.963892090478124E-5	1.9579554693179738E-5	1.9619870150214533E-5	3.947528170005906E-5	1.666292011438705E-4	2.793422708007625E-4	5.969038785680276E-5	0.9991315092978027	1.967129231132043E-5	1.9653081504153087E-5
18	18	4.6103092809461534E-5	0.14387716350800644	1.1308265067124822E-5	1.1274081475262739E-5	1.1297295473458572E-5	2.273021777663003E-5	9.594657382623313E-5	0.8557327660622372	3.437025542884497E-5	1.3439732422272483E-4	1.1326904810495433E-5	1.1316418866001178E-5
19	19	0.9275148212520289	8.356379339877329E-5	1.1308265067124822E-5	1.1274081475262739E-5	1.1297295473458572E-5	2.273021777663003E-5	9.594657382623313E-5	1.6084776032162403E-4	0.07193117011273267	1.3439732422272483E-4	1.1326904810495433E-5	1.1316418866001178E-5
20	20	1.5014223563857458E-5	2.7213911247093016E-5	3.6827208217650744E-6	3.6715883779493382E-6	3.679148394804687E-6	7.402465877158064E-6	3.124656550845496E-5	5.238269465338351E-5	1.1193233848503515E-5	0.9998371392803098	3.688791157985161E-6	3.685376239260171E-6
21	21	4.249928839895671E-4	7.703174643928579E-4	1.0424316224636352E-4	1.0392804709019317E-4	1.0414204106415389E-4	2.0953433312002022E-4	8.844658489150283E-4	0.0014827455031025728	3.168358799383009E-4	0.9953900615203056	1.0441498929329594E-4	1.0431832654204872E-4
22	22	4.929268017429048E-5	0.4997501561240288	1.2090613868002574E-5	1.2054065325200248E-5	1.2078885356111472E-5	2.4302780722022505E-5	1.0258452284278969E-4	0.4998327868898187	3.6748120464816895E-5	1.4369544244180555E-4	1.211054317973651E-5	1.2099331777707217E-5
23	23	0.9999890871280712	1.5498873085280404E-6	2.0973840219734494E-7	2.0910438699731545E-7	2.095349452537151E-7	4.215854094124274E-7	1.7795551281448934E-6	2.9833004485325917E-6	6.374773153945378E-7	2.4927148306791354E-6	2.100841201274354E-7	2.0988963359650421E-7
24	24	3.5038739008073954E-6	6.350918710649573E-6	8.594376736473319E-7	8.568396918621093E-7	8.586039752855216E-7	1.7275157039108083E-6	7.292020457088175E-6	0.9999640033999476	2.612168373582487E-6	1.0214309886509656E-5	8.608543098496786E-7	8.600573692324712E-7
25	25	4.244141086252782E-5	7.692684097195494E-5	1.0410119898891461E-5	1.0378651297143382E-5	1.0400021551830269E-5	2.0924897937751957E-5	8.832613415851609E-5	0.3443177903096584	3.1640439788592E-5	0.6553699162685788	1.0427279203366622E-5	1.0417626092231503E-5
26	26	1.6826544688351163E-5	0.27818129533827224	4.1272508177726E-6	4.114774610624135E-6	4.123247174051754E-6	8.295994951469425E-6	3.501824311122939E-5	0.7216763381279895	1.2544334960643146E-5	4.905186277577442E-5	4.134053885759844E-6	4.130226762613E-6
27	27	1.1067100473239187E-7	2.0059584750449346E-7	2.7145620401893594E-8	2.7063562296326274E-8	0.11389157108964541	5.4564149297364696E-8	2.3032085439180437E-7	3.861168993004267E-7	0.2726218173987181	3.226223231171485E-7	0.6134852252461817	2.716519368991055E-8
28	28	2.0085136649983854E-7	3.640515434272409E-7	0.3861419374870495	4.91163289130208E-8	4.921746232892475E-8	9.902579248084908E-8	4.1799799730619516E-7	7.007445811185703E-7	1.4973643521840403E-7	5.855113958540391E-7	4.93464574883078E-8	0.6138553969135898
29	29	1.1169708599864858E-5	0.9249651489604228	2.7397299806292702E-6	2.7314480902672893E-6	2.7370723028631098E-6	5.507003836504453E-6	0.003507030573258859	0.07145656108733102	8.327114608769462E-6	3.256135015439387E-5	2.744245957522327E-6	2.741705456717332E-6
30	30	1.40960080368414E-6	0.9999831556913827	3.457498956256815E-7	3.447047332379704E-7	3.454145005988893E-7	6.949757878126059E-7	2.9335638746657334E-6	4.917915879466206E-6	1.0508696211675022E-6	4.109194518040481E-6	3.4631980527023117E-7	3.4599919780366534E-7
31	31	5.0969385152125124E-6	9.23841527968074E-6	1.2501879645920852E-6	1.2464087893712332E-6	1.248975218525681E-6	2.51294469383402E-6	0.9999404620882465	1.7782562832763055E-5	3.7998118563754967E-6	1.4858328507447274E-5	1.252248685904037E-6	1.2510894097881796E-6
32	32	3.274826073399657E-6	5.935759896748695E-6	8.03256333361107E-7	8.008281813415655E-7	8.024771337637763E-7	1.6145882042361358E-6	0.9999617463885067	1.1425446911472517E-5	2.4414112322782843E-6	9.546601642946632E-6	8.045803642204646E-7	8.038355195182678E-7
33	33	7.386804808472448E-6	1.3388894177736754E-5	1.8118512594924163E-6	1.8063742403739533E-6	1.8100936713935934E-6	3.641917965546522E-6	0.9999137139026664	2.5771611772040532E-5	5.506927032411896E-6	2.1533626928614933E-5	1.8148377868069236E-6	1.8131576907332899E-6
34	34	1.4884556864195786E-6	0.9999822133990846	3.6509158967416373E-7	3.63987959557641E-7	3.6473743221800947E-7	7.338536276298794E-7	3.0976712125227288E-6	5.193030421799396E-6	1.1096566199623516E-6	4.3390681468085005E-6	3.6569338079755004E-7	3.653548381367688E-7
35	35	8.992433209919212E-6	0.2440253685131298	2.2056832229553463E-6	2.199015694857712E-6	2.203543597772468E-6	4.4335412821006195E-6	0.7558858890268261	3.137344272400868E-5	6.703936927379459E-6	2.6214270844247644E-5	2.2093189149902166E-6	2.207273625840154E-6
