0	0	1.4000937605841784E-5	0.34700243701118555	0.6528401133163559	2.2052843803714572E-5	3.472469134051867E-6	3.4663465190173176E-6	1.789933040624683E-5	3.4711000653156102E-6	3.4549065775172104E-6	7.027785709365666E-6	3.4701077959417787E-6	3.459613101370171E-6	7.567423174015758E-5
1	1	6.677028250642124E-7	1.4177844416418794E-6	1.4610932080000553E-6	1.0516971450752156E-6	1.6560158441012565E-7	0.9999897776783155	8.536166516463954E-7	1.6553629370684273E-7	1.647640284589694E-7	3.351541521141739E-7	1.654889725143066E-7	1.649884819463946E-7	3.608893899818875E-6
2	2	3.1161117618146226E-4	6.616678271344988E-4	6.818796565850354E-4	4.908180287121854E-4	7.728483774288407E-5	7.714857006382332E-5	0.5178775100257392	7.725436713218723E-5	7.689395757095655E-5	1.5641356546957063E-4	7.723228273788642E-5	7.699870808658883E-5	0.47935728699684377
3	3	1.0420717703654242E-4	2.2127106365863055E-4	2.2803018480311075E-4	1.641364787922526E-4	2.5845140946495636E-5	2.5799571110617953E-5	1.3322241302618715E-4	2.5834951144055922E-5	2.5714425098061483E-5	5.230690473795021E-5	2.5827565810786264E-5	2.5749455149489435E-5	0.9989420546686858
4	4	1.1629736850483019E-5	0.2525792892911676	2.544864104990806E-5	1.831797108609325E-5	2.8843712747921957E-6	2.87928558669807E-6	1.4867897299795472E-5	2.883234071729006E-6	2.869783115293894E-6	5.837558936581938E-6	2.882409853235407E-6	2.87369254160743E-6	0.7473273361271662
5	5	0.1378692255712498	1.1454019368667774E-4	0.1723871428914332	8.496467527682802E-5	1.3378646990363626E-5	1.3355057923897382E-5	6.896211704828977E-5	1.3373372274701416E-5	1.3310982387726451E-5	2.7076486643904346E-5	1.3369549282715207E-5	1.3329115571564723E-5	0.6893679713402303
6	6	1.610343223777946E-5	0.20162976671622337	3.5238154737245536E-5	2.5364478140041022E-5	3.993923333723973E-6	3.986881297033106E-6	2.0587239398763916E-5	3.992348674494439E-6	3.973723440899652E-6	8.083135154118888E-6	3.991207397883331E-6	3.979136734642924E-6	0.79824093962323
7	7	5.970197238249335E-5	1.2676976104016342E-4	1.3064217055526025E-4	9.40364359009404E-5	1.4807098079897542E-5	1.4780990385970758E-5	7.632526904005315E-5	1.4801260177738216E-5	1.4732208862138258E-5	2.9967469332594337E-5	1.4797029001197027E-5	1.475227814356765E-5	0.999393886057098
8	8	2.4152122996547604E-5	0.15431428697593355	0.29623781623212814	3.804195197246891E-5	5.990134660148958E-6	5.979572928103723E-6	3.087699136285995E-5	5.987772967136698E-6	5.959838615876761E-6	1.2123184148407181E-5	5.986061266632263E-6	5.967957539493381E-6	0.5493068312034806
9	9	5.014181201540639E-5	1.0646994184027655E-4	1.0972225700180365E-4	0.23066819296467653	1.243601674764133E-5	1.2414089715270513E-5	6.410319692141184E-5	1.243111367692263E-5	1.2373119645099907E-5	2.516873654065442E-5	1.2427560044600854E-5	1.2389975204414929E-5	0.76890172921597
10	10	6.516910468940424E-5	1.383785409257218E-4	1.4260556142468926E-4	1.026477031040913E-4	1.6163039283406993E-5	1.613454081056236E-5	8.331465862887854E-5	1.615666678277083E-5	1.6081292180631314E-5	3.2711702281799716E-5	1.6152048141610944E-5	1.6103199281022133E-5	0.9993383819424654
11	11	1.734911216303272E-4	3.683869586545809E-4	3.7963999843494E-4	2.7326545652546117E-4	4.302873006461974E-5	4.2952862334932016E-5	0.6872513425282214	4.301176539572906E-5	4.281110552277318E-5	8.708405534117287E-5	4.299946979585769E-5	4.2869425909965633E-5	0.3112091165221683
12	12	2.4841916964234393E-5	5.2748740982283355E-5	5.4360045798299026E-5	3.912844482419009E-5	6.161215221257104E-6	6.150351842062499E-6	3.175885017028083E-5	6.158786077379608E-6	6.130053910250934E-6	1.2469426973351505E-5	6.157025490047187E-6	6.138404713464045E-6	0.9997477967370328
13	13	5.180079889582138E-5	1.0999259548145917E-4	1.1335251641084904E-4	8.159131617589242E-5	1.2847473529909571E-5	1.282482102198118E-5	6.622410875947237E-5	1.2842408236692936E-5	1.2782495420245783E-5	2.6001466791901377E-5	1.2838737029254452E-5	1.2799908660877887E-5	0.9994741013535856
14	14	3.890424684233829E-4	8.260836081015228E-4	8.51317812205326E-4	6.127798745115965E-4	9.648910676324111E-5	9.631897835232287E-5	4.973666678913326E-4	9.64510646052379E-5	9.600109799279868E-5	1.9528028599894687E-4	9.642349252846674E-5	9.613187763834795E-5	0.9960503136649874
15	15	3.715128992716579E-6	7.888617341194694E-6	8.129589293830321E-6	5.851690914817436E-6	9.2141477373964E-7	9.197901464992037E-7	4.7495620089553935E-6	9.210514932866961E-7	0.9999431195000275	1.8648129988501484E-6	9.207881960116787E-7	9.180034436493499E-7	2.0080050369063088E-5
16	16	0.20053445976562775	9.033248553264833E-6	9.30918531738648E-6	6.700765952278047E-6	1.055111220615996E-6	1.0532508614383962E-6	5.4387191430862735E-6	1.0546952284992472E-6	1.0497748303567695E-6	0.799405746237187	1.0543937270287411E-6	1.051204909627643E-6	2.2993647441688906E-5
17	17	7.044729507930764E-5	0.29712105527870797	1.5415550226622663E-4	1.1096136833935672E-4	1.7472119698488722E-5	1.7441313071094285E-5	0.7020226259495549	1.746523107488635E-5	1.7383751716473878E-5	3.5361095632284836E-5	1.746023835973081E-5	1.7407433121534133E-5	3.8076342337776373E-4
18	18	4.3220804172682725E-5	9.177403690839105E-5	9.457743931955679E-5	0.17122363319878037	1.0719489841588893E-5	1.0700589368428968E-5	5.525511762781883E-5	1.0715263535221811E-5	1.0665274342732634E-5	2.169472920051695E-5	1.0712200406058586E-5	1.067980335153973E-5	0.8284056520531451
19	19	4.799009032924531E-5	1.0190102672584787E-4	1.0501377618797147E-4	7.558907809969991E-5	1.1902353406612882E-5	1.1881367322906841E-5	0.9993147576943786	1.1897660740009432E-5	1.1842155390005838E-5	2.4088677523019374E-5	1.189425960372687E-5	1.1858287631374165E-5	2.593835726609582E-4
20	20	1.2522726634962176E-5	0.3887508446780204	0.6111083290957318	1.9724517189635265E-5	3.105847832357432E-6	3.1003716395104057E-6	1.60095293570033E-5	3.10462330911397E-6	3.090139520479604E-6	6.285796120594075E-6	3.1037358029721275E-6	3.094349132240674E-6	6.768458970900439E-5
21	21	3.3856507828454E-4	0.9954517537087615	7.408612301437784E-4	5.33273056347747E-4	8.396986096991E-5	8.382180633979627E-5	4.32834455151295E-4	8.393675469682195E-5	8.354517024594366E-5	1.6994310565783733E-4	8.391276003534368E-5	8.36589815249869E-5	0.0018299240318404711
22	22	0.006216488573251117	1.0252957289062722E-4	1.0566152242167262E-4	0.3146543813135737	1.1975769532298269E-5	1.1954654002178872E-5	6.173078793577233E-5	1.1971047920377084E-5	1.1915200202136482E-5	2.42372613632238E-5	1.1967625805197303E-5	1.1931431950435869E-5	0.6787632552391513
23	23	9.88272803959615E-7	2.0984751793089825E-6	2.1625768640078755E-6	1.5566261628140492E-6	2.4510835662468666E-7	2.446761845732067E-7	0.4601633589847025	2.4501171928246827E-7	2.4386868271999316E-7	4.960645982540638E-7	2.449416787706135E-7	0.5398227738375733	5.34155549397856E-6
24	24	3.6767409407118534E-6	7.807105056336524E-6	8.04558707016583E-6	5.7912259846376286E-6	9.118938881064401E-7	9.102860479749082E-7	4.7004852652523095E-6	9.115343613936617E-7	9.07281841938361E-7	1.8455440748049025E-6	9.112737847427481E-7	9.085178069448328E-7	0.999962672523877
25	25	4.274875980099786E-5	9.077170901517738E-5	9.354449352473095E-5	6.733347074559996E-5	1.0602414860132317E-5	1.0583720812145364E-5	5.465163817429485E-5	1.059823471218759E-5	1.0548791486332105E-5	2.1457786019788165E-5	1.0595205037581934E-5	1.0563161813759602E-5	0.9995660006139973
26	26	1.620342834254613E-5	3.44059778436787E-5	3.5456970090448496E-5	0.2960171418735495	4.018724057582838E-6	4.011638292559506E-6	2.0715078217059163E-5	4.017139620326671E-6	3.998398731213089E-6	8.13332830659592E-6	4.015991256827881E-6	4.003845639423159E-6	0.7038438776060522
27	27	1.2837767068823924E-7	0.12937454272505264	2.8092099607848085E-7	2.0220736634032244E-7	0.4796638709905028	3.178369223815812E-8	1.6412289013232748E-7	0.39095992533994545	3.167879690300709E-8	6.443931005649356E-8	3.181818021203312E-8	3.172195205348998E-8	6.938736444243557E-7
28	28	0.3909967489000941	4.922184635668543E-7	5.072541585636977E-7	3.6512232585024203E-7	5.7492630789623296E-8	5.739126048738029E-8	2.963538492931226E-7	5.7469963528852746E-8	5.7201852804394464E-8	1.1635694183570416E-7	0.6089999340431058	5.72797773093317E-8	1.252915576141817E-6
29	29	1.1526988827144128E-5	2.4476136395758173E-5	2.522380384179613E-5	0.9998388276873347	2.858888028621577E-6	2.853847272274894E-6	1.4736540324276618E-5	2.857760872678832E-6	2.844428754632197E-6	5.78598445561394E-6	2.8569439361058912E-6	2.8483036414001467E-6	6.230268631491888E-5
30	30	1.4750423211838415E-6	3.132070099503708E-6	3.227744793182635E-6	0.99997937570811	3.658354230215253E-7	3.6519038648565007E-7	1.8857501271236787E-6	3.656911873722109E-7	3.639851530691763E-7	7.403990816443688E-7	3.6558664870761423E-7	3.6448099999487653E-7	7.972515668752945E-6
31	31	4.59370292827265E-6	9.754160528830124E-6	0.9999385866547944	7.235530648718453E-6	1.139315957152385E-6	1.1373071292149503E-6	5.872764297370222E-6	1.1388667661596244E-6	1.1335536882492265E-6	2.305814131970396E-6	1.1385412029111814E-6	1.135097897145373E-6	2.4828690029623525E-5
32	32	3.3042747251548185E-6	7.016219072885413E-6	0.9999558250571448	5.20455532692305E-6	8.19515972183205E-7	8.180710116612701E-7	4.224310308609548E-6	8.191928667348723E-7	8.153711417939635E-7	1.658584256783782E-6	8.189586873745466E-7	8.164818993909537E-7	1.785940758568772E-5
33	33	7.651317121818343E-6	1.624662644244307E-5	0.9998977093236073	1.2051571554018224E-5	1.89765594907523E-6	1.8943100253547637E-6	9.781734413933627E-6	1.8969077721061176E-6	1.888058256884926E-6	3.840586869275377E-6	1.8963655107331161E-6	1.890630306525757E-6	4.135491217047709E-5
34	34	1.5575088649550676E-6	3.3071776148921287E-6	3.408201281411197E-6	2.4532285400246083E-6	3.862885195140085E-7	3.856074203289769E-7	1.991178488850432E-6	3.8613621994997343E-7	3.8433480482260183E-7	0.9999765512116214	3.860258367463856E-7	3.848583735171048E-7	8.418242413621072E-6
35	35	9.197543016661278E-6	1.9529846064527613E-5	0.9998770377856065	1.4487028314428514E-5	2.281146101325716E-6	2.277124012467093E-6	1.175848832525315E-5	2.2802467280873667E-6	2.2696088476247455E-6	4.616716622378079E-6	2.2795948831533442E-6	2.2727006731020968E-6	4.971217080436711E-5
