0	0	9.458650824149437E-6	1.4477231547526101E-5	0.7029438951126283	1.4523362088063276E-5	0.2970176456429119
1	1	0.999981121259677	6.905405055853152E-7	8.951059409140906E-6	6.927408576817011E-7	8.544399550460319E-6
2	2	2.096803969956588E-4	3.2093283859607134E-4	0.9951763703986518	3.219554654202653E-4	0.003971060900336185
3	3	7.031458855390488E-5	1.0762217557126588E-4	0.9319166093756196	1.0796510502684521E-4	0.06779748875522852
4	4	7.856981863281005E-6	1.2025747415161699E-5	0.7383916848448993	1.2064066497563867E-5	0.26157636835932474
5	5	3.6422586369768744E-5	5.57477198638768E-5	0.6135578948460443	0.13777171655358064	0.2485782182941415
6	6	1.0878732469567956E-5	0.09873604873331661	0.6871383114368231	1.6703837962949E-5	0.21409805725942768
7	7	4.030835419241938E-5	6.169520239117458E-5	0.6790157264487141	6.189178921963777E-5	0.32082037820548276
8	8	1.6314296692268206E-5	2.497035308101088E-5	0.6603558303169649	2.5049919114147096E-5	0.33957783511414774
9	9	3.385805268695347E-5	5.182249325092746E-5	0.3783282334479292	5.198762148126635E-5	0.6215340983846517
10	10	4.399632168268889E-5	6.7339935481444E-5	0.88254112981021	6.755450880047255E-5	0.11727997942382543
11	11	1.1695608588556917E-4	1.7901076672951336E-4	0.8646442558407118	1.7958117022165185E-4	0.13488019613645127
12	12	1.678008434189584E-5	2.5683278822853516E-5	0.6728649336750055	2.5765116536851236E-5	0.3270668378452929
13	13	3.497750013807511E-5	5.353589828685479E-5	0.5958272385343141	5.370648614531436E-5	0.4040305415811158
14	14	0.2474604017021747	4.002670795943207E-4	0.746785085978358	4.0154249863285073E-4	0.004952702741240192
15	15	2.5101853481922417E-6	3.842042082809882E-6	0.9999422539993059	3.854284442646758E-6	4.753948882026087E-5
16	16	2.8743902117191226E-6	4.399487138985528E-6	5.702789399360652E-5	0.1901983790990395	0.8097373191296162
17	17	4.7556322571834895E-5	0.224839109727776	0.7741396612839128	7.302074102620268E-5	9.006519247132988E-4
18	18	2.9187374179216193E-5	4.4673641316577E-5	0.5137486979406793	4.48159903019429E-5	0.486132625053523
19	19	3.240604469364239E-5	4.960007735686007E-5	0.9992545094406222	4.9758124036686E-5	6.13726313290672E-4
20	20	8.46017934792386E-6	1.294899004420179E-5	0.7406993294773785	1.2990250965406823E-5	0.25926627110226397
21	21	2.2773557018365665E-4	3.485677442219311E-4	0.9947610169889152	3.4967842746285284E-4	0.004313001269216452
22	22	3.260580255744881E-5	4.990582295435916E-5	0.16708073487443184	5.0064843868080096E-5	0.8327866886561883
23	23	6.677664528019407E-7	1.0220706670132513E-6	0.999984638249094	1.0253274134555343E-6	1.2646586372749363E-5
24	24	2.4842491341087425E-6	3.802344605470476E-6	0.9999428506535082	3.81446047247054E-6	4.704829227959491E-5
25	25	2.886878103069388E-5	4.418600868626181E-5	0.6882457288869817	4.432680386924871E-5	0.3116368895194322
26	26	1.0946270546956228E-5	1.6754154079305595E-5	0.27338092843156836	1.680753985139774E-5	0.726574563603954
27	27	8.674455948975743E-8	0.9999964162272649	1.721011824676842E-6	1.3319263709606082E-7	1.642823713815239E-6
28	28	1.5663292596667367E-7	2.3973938559995015E-7	3.10759682576067E-6	0.9999935296167539	2.9664141089182883E-6
29	29	7.787576617336168E-6	1.1919517062140209E-5	0.08112895161133521	1.1957497650018044E-5	0.9188393837973353
30	30	9.966654484398267E-7	1.5254772314506939E-6	1.977383979008302E-5	1.5303380426515756E-6	0.9999761736794875
31	31	3.1037711299224706E-6	4.7505732216787885E-6	6.157881078775781E-5	4.765710543331623E-6	0.9999258011343173
32	32	2.2325974832705587E-6	3.417171361819293E-6	4.429472800430881E-5	3.4280599050819593E-6	0.9999466274432455
33	33	5.169460275717372E-6	7.912277847938044E-6	1.0256207782987595E-4	7.937489688531148E-6	0.999876418694358
34	34	1.052385775383013E-6	1.6107617070125566E-6	2.0879330925298325E-5	1.6158942703743528E-6	0.9999748416273221
35	35	6.214008387829391E-6	9.511043376206374E-6	1.23285909537165E-4	9.541349555297077E-6	0.9998514476891435
