0	0	5.698053417964663E-5	0.2361220327372144	1.992219863873605E-5	2.7187115903676585E-5	1.2925420016601207E-5	5.610319769350648E-5	2.7101906071547286E-5	0.761015079815529	0.002629424195245552	2.008402931571883E-5	1.3158850191624684E-5
1	1	2.145222069827497E-6	2.5728072967472486E-6	7.500375490437169E-7	1.0235495663773162E-6	4.8662050436353E-7	2.1121918144985636E-6	0.982963029568717	4.464916646127814E-6	4.450585354213445E-6	7.561302041027949E-7	0.017018208370277742
2	2	0.0013181037305946043	0.0015808278982586937	4.6085079273869983E-4	6.289066856369411E-4	2.9899762416530365E-4	0.3498415369166008	6.269355669166626E-4	0.6417402448434625	0.002734604142493358	4.645943452014258E-4	3.0439745393105727E-4
3	3	0.3719139211828538	4.5956889821996134E-4	1.3397580552317742E-4	0.6250299686571682	8.692281358356208E-5	3.7729124378866637E-4	1.8225898471311533E-4	7.975478094683381E-4	7.949878757945327E-4	1.3506410886259765E-4	8.849262002407105E-5
4	4	4.295693262170711E-5	5.1519099700431083E-5	1.5019103574956286E-5	2.049603645993793E-5	9.74431715592326E-6	4.229551930110069E-5	2.0431797802470366E-5	0.7232804833086601	0.27649199248163703	1.5141105756707643E-5	9.920297329586473E-6
5	5	1.969411605401657E-4	0.3474147709199995	6.885686448734375E-5	9.396651391384459E-5	4.467397954734856E-5	0.19114212535065525	9.36720041576519E-5	0.3389090107923308	4.085840142472253E-4	0.12158191761856223	4.5480781558528004E-5
6	6	0.8048123758089292	6.384845119365022E-5	1.8613417298710093E-5	2.5401068558747976E-5	1.207628941427734E-5	5.241751924061323E-5	0.07275865468184388	1.1080426152569874E-4	0.1221147495009431	1.87646165702883E-5	1.2294384481825497E-5
7	7	2.1983808220556696E-4	2.6365616406644817E-4	7.686235317222593E-5	1.0489131958856963E-4	4.986789943373392E-5	2.1645320747003114E-4	0.1648101304845437	0.6495912646015078	0.18453878066922358	7.748671631978362E-5	5.0768502468522626E-5
8	8	9.291207339266995E-5	0.27036567360171804	3.248500226813901E-5	4.433112719184916E-5	2.1076102400642395E-5	9.148149445612782E-5	4.4192184616273894E-5	0.7290608827497898	1.9276004982750954E-4	3.2748882274767315E-5	2.1456732064194975E-5
9	9	0.36799820453759663	2.0428060100348913E-4	5.955289441519588E-5	8.126971687338147E-5	3.8637611615017356E-5	1.6770778512869132E-4	8.101500140608029E-5	3.5451386392390066E-4	0.6309154459393368	6.0036650520345666E-5	3.933539818057566E-5
10	10	0.22091642029303202	2.611262262201453E-4	0.06724529184864458	1.0388482493628116E-4	4.938938725276617E-5	0.36484699725998415	1.0355922921936273E-4	4.531652392563166E-4	0.34589314115783937	7.674318514956699E-5	5.028134846531538E-5
11	11	7.269213499531765E-4	8.718111656716653E-4	2.5415471681692746E-4	3.4683590244566955E-4	1.6489427314873633E-4	7.157288500573791E-4	3.457488496987538E-4	0.9946417059062992	0.0015081075098331551	2.5621924948356187E-4	1.6787222659179978E-4
12	12	8.71991201453444E-5	1.0457963104860392E-4	3.04875729522221E-5	4.1605306447564094E-5	1.978018053328888E-5	0.21529294031494106	4.147490713670503E-5	0.2845622795308288	0.49976878080225257	3.073522757407829E-5	2.013740613972575E-5
13	13	1.7425461027712147E-4	2.0898700377853052E-4	6.092492830466264E-5	8.314208272281021E-5	3.9527780146109466E-5	0.253599602793879	8.288149888829127E-5	0.40738345886562816	0.33826555896379634	6.141982962411343E-5	4.0241642954895945E-5
14	14	0.0013993954837843486	0.0016783227071708402	4.89272963187844E-4	6.676934107493234E-4	3.1743778217699614E-4	0.6181104420307754	6.656007267130555E-4	0.37295216077275034	0.002903256092915304	4.932473927323876E-4	3.2317063704418564E-4
15	15	1.2949598447547913E-5	1.5530709777975203E-5	4.527589575600525E-6	0.9998837719592384	2.9374768311784493E-6	1.2750211843640718E-5	6.159275370834626E-6	2.6952397368248656E-5	2.6865886755601177E-5	4.56436778966245E-6	2.9905270013043483E-6
16	16	1.3876145413916621E-5	1.66419358973504E-5	4.851539727663318E-6	6.620723710224106E-6	3.1476540237555777E-6	1.3662492649268376E-5	0.1418840126586708	2.8880848054890873E-5	0.6568233623905293	0.20120173911137626	3.2044999466528536E-6
17	17	2.8287253330188707E-4	3.3925462914289174E-4	0.08736493793803943	1.349669401939733E-4	6.416658525101908E-5	2.7851710915633235E-4	1.3454392694175194E-4	0.9106488487859877	5.868615522512635E-4	9.97045804017063E-5	6.532541933196703E-5
18	18	0.7831275045010361	1.9547631870667315E-4	5.698622635445866E-5	7.776707626031935E-5	3.6972370577629094E-5	1.6047975331170283E-4	7.752333876580887E-5	3.3923468361608615E-4	0.21583296651503367	5.744913307258087E-5	3.7640083265022155E-5
19	19	1.6298932047820007E-4	1.9547631870667315E-4	5.698622635445866E-5	7.776707626031935E-5	3.6972370577629094E-5	1.6047975331170283E-4	7.752333876580887E-5	0.9987985705560706	3.381458231370004E-4	5.744913307258087E-5	3.7640083265022155E-5
20	20	5.311260470184493E-5	0.21073071435468027	1.8569848042400065E-5	2.5341611144302035E-5	1.2048021904860828E-5	5.229482321471538E-5	2.526218549138826E-5	0.7889414801760302	1.101900749273791E-4	1.8720693395097525E-5	1.2265606467554048E-5
21	21	0.9873940975380492	0.0017886335691098942	5.214313330067848E-4	7.115787942551828E-4	3.383019671244751E-4	0.0014684104746545315	7.093485646927653E-4	0.0031040411797022046	0.0030940779656522593	5.256669892790022E-4	3.444116244737315E-4
22	22	1.7425461027712147E-4	0.5761817851943675	6.092492830466264E-5	8.314208272281021E-5	3.9527780146109466E-5	0.42255162359645176	8.288149888829127E-5	3.626814776119649E-4	3.615173586508418E-4	6.141982962411343E-5	4.0241642954895945E-5
23	23	3.0257134261034167E-6	3.6287980111872358E-6	1.057885201789744E-6	1.4436583087732316E-6	6.863504781993718E-7	2.979126134082682E-6	1.4391335963109583E-6	0.9999776968135805	6.277296905371527E-6	1.0664785443961583E-6	6.98745813286955E-7
24	24	1.239771303279273E-5	1.4868822674527355E-5	4.334632963015779E-6	0.9998887253607467	2.8122875733126478E-6	1.2206823878365505E-5	5.896779645087384E-6	2.5803741287485087E-5	2.572091758030692E-5	4.369843764775018E-6	2.863076853630932E-6
25	25	1.5005489905212845E-4	1.7996381103101E-4	5.2463943146040334E-5	0.21830466037947455	0.006647161509286048	1.4774448480702062E-4	7.137128210951278E-5	0.4433915664519719	0.3309674700631848	5.289011475442906E-5	3.4653061182631554E-5
26	26	0.22303111324224625	7.13853639649469E-5	2.0810615506864503E-5	2.8399506805031542E-5	1.3501820311499693E-5	5.860508155134251E-5	2.831049709852257E-5	1.238840158219187E-4	0.776589264533635	2.0979662912573834E-5	1.374566014605833E-5
27	27	0.11717087311820183	4.6966800477752993E-7	1.3691994717713908E-7	1.8684978204124186E-7	0.705352925580288	0.1774733655982575	1.8626415763674306E-7	8.150740614487779E-7	8.124578727867603E-7	1.3803216617193617E-7	9.043726075725176E-8
28	28	7.091168776914231E-7	8.504579096176396E-7	0.8236087031514633	3.3834085658565746E-7	1.6085552052083815E-7	6.981985155052242E-7	3.372804290031845E-7	1.4759067584593765E-6	1.471169458242985E-6	0.16644703724393609	0.009938218278274914
29	29	3.951567685417237E-5	4.739193353278166E-5	1.3815931615364307E-5	1.885411048024817E-5	8.963705376474097E-6	3.890724898353523E-5	1.8795017945583542E-5	8.22451930971367E-5	0.9997084574339667	1.3928160270795688E-5	9.125587877174407E-6
30	30	4.987778446522177E-6	5.981941432666137E-6	1.7438852479750017E-6	2.3798181726400117E-6	1.1314237800543138E-6	4.91098099141021E-6	2.372359348846147E-6	1.0381216623817965E-5	0.9999632006878569	1.7580510604627537E-6	1.1518570387541926E-6
31	31	1.8033868038101347E-5	0.9998511623991075	6.305211182245121E-6	8.604497441138425E-6	4.090788587230922E-6	1.7756198292742687E-5	8.577529233656835E-6	3.753444397663961E-5	3.74139675789583E-5	6.356429253736394E-6	4.16466730797461E-6
32	32	1.1587328224504971E-5	0.9999043671535112	4.0512967788792384E-6	5.528660620491104E-6	2.628460514247736E-6	1.140891666738989E-5	5.511332697770614E-6	2.411706247171844E-5	2.4039652591581256E-5	4.084206003020263E-6	2.6759299192724933E-6
33	33	2.613464114718892E-5	0.9997843048823295	9.137497915426021E-6	1.2469618409148209E-5	5.928361653219238E-6	2.573224277446888E-5	1.2430536143301238E-5	5.439483209682063E-5	5.422023797128668E-5	9.211723029852246E-6	6.035426529759887E-6
34	34	5.266793015184476E-6	6.3165691284416485E-6	1.8414375742214815E-6	2.5129443625967537E-6	1.1947152276097357E-6	5.185699537496091E-6	2.505068294828264E-6	1.0961938223532183E-5	0.9999611421473033	1.8563958172679276E-6	1.2162915156008387E-6
35	35	3.181437631204474E-5	0.9997374287405137	1.1123313138093589E-5	1.5179589813457716E-5	7.216748356604061E-6	3.132452633916892E-5	1.5132013957880426E-5	6.621623951185877E-5	6.60037015558055E-5	1.1213669294463253E-5	7.347081206895874E-6
