0	0	6.407200884434165E-6	4.367368461295298E-5	0.9998872997695673	3.2230608874065824E-6	1.6664348277588283E-5	6.513439783971504E-6	1.6747901937035157E-5	6.520489881421418E-6	3.2281198785340453E-6	6.487538555922037E-6	3.234445733503009E-6
1	1	3.055546830508512E-7	2.0827657974629256E-6	4.380019542197389E-6	1.5370539579891532E-7	7.947104746751141E-7	3.106211377884679E-7	7.986950870496149E-7	3.109573517344079E-7	1.5394665535334328E-7	0.9999905547755442	1.5424833070970103E-7
2	2	1.4264179752562092E-4	9.722955452970512E-4	0.5594946285001355	7.175414144281179E-5	0.438367350372596	1.4500696569663392E-4	3.728540559552781E-4	1.4516392012823754E-4	7.186676840755088E-5	1.444303335925785E-4	7.200759922274376E-5
3	3	4.7692050492456594E-5	3.2508541706766276E-4	0.9991611149428188	2.399087922401415E-5	1.2404120829259896E-4	4.8482840581980264E-5	1.246631406179691E-4	4.853531803814601E-5	2.4028535864510315E-5	4.82900445860013E-5	2.4075622416037163E-5
4	4	5.322064480119509E-6	3.627702171149669E-5	0.9999063869068403	2.6771968251849007E-6	1.3842040799431815E-5	5.410310546355434E-6	1.3911443643379867E-5	5.416166625148082E-6	2.681399015419036E-6	5.388796002285428E-6	2.6866535108912317E-6
5	5	2.4686446921650245E-5	0.1517728359333843	0.7101388786773212	1.2418203043314784E-5	6.420643845239871E-5	0.13784742725141233	6.452836420691281E-5	2.512294062012741E-5	1.2437694942850605E-5	2.499598172456434E-5	1.2462067970283656E-5
6	6	7.3693729555361985E-6	5.023218033279071E-5	0.9998703755282199	3.7070693062557467E-6	1.9166840517962094E-5	7.491565795623111E-6	1.9262941465843994E-5	7.499674609193717E-6	3.7128880082239646E-6	7.4617749691849035E-6	3.7201638195134435E-6
7	7	2.7322391954042187E-5	1.86238819508732E-4	0.9156231860032579	1.3744181655269361E-5	7.106221008382577E-5	2.7775429232922766E-5	0.08396764200801414	2.7805493145279365E-5	1.3765754841590454E-5	2.7664977958236214E-5	1.3792730348059488E-5
8	8	1.1052759286970505E-5	0.23147514235309405	0.7684057832165707	5.559949937311902E-6	2.8746879254854335E-5	1.1236026989150964E-5	2.8891013722006033E-5	1.1248188778904255E-5	5.568676963696015E-6	1.1191346005359245E-5	5.579589396990576E-6
9	9	2.2947011107490106E-5	0.10264538224803309	0.8971074032596779	1.1543201987488068E-5	5.9682377987228095E-5	2.3327499444238447E-5	5.99816204779789E-5	2.3352748951380497E-5	1.1561320465071099E-5	2.3234735727528286E-5	1.1583976140592345E-5
10	10	2.9824559896877282E-5	2.03294456682448E-4	0.9994753973172436	1.500286540434095E-5	7.757004381660611E-5	3.031908605264796E-5	7.795897357949689E-5	3.035190319970895E-5	1.5026414249869633E-5	3.019851971778546E-5	1.5055860156720965E-5
11	11	7.940615178079407E-5	5.41259637672331E-4	0.5109537123107393	3.994425438508001E-5	0.48785608935267616	8.07227988367934E-5	2.075612216955664E-4	8.081017257741348E-5	4.0006951813266003E-5	8.040179799993786E-5	4.0085349823390694E-5
12	12	1.1368437798946532E-5	7.749118155158505E-5	0.9998000334962628	5.718747996448219E-6	2.9567920574176713E-5	1.1556939820812735E-5	2.9716171674373025E-5	1.1569448964162772E-5	5.727724275949258E-6	1.1510982700799214E-5	5.738948379896824E-6
13	13	0.0066412108708262686	1.6159009461292527E-4	0.9929655110979375	1.1925137948740474E-5	6.165712004156356E-5	2.4099348618627622E-5	6.19662637251096E-5	2.412543356941797E-5	1.1943855921867254E-5	2.400351558030727E-5	1.1967261217573385E-5
14	14	1.7809949241875776E-4	0.0012139873873036452	0.7980044368391018	8.959068373779525E-5	4.6321506430962745E-4	1.810525907254918E-4	4.655375862042304E-4	1.812485606661851E-4	8.973130735303744E-5	0.19904319334248785	8.99071456917142E-5
15	15	1.700125114001676E-6	1.15886374363346E-5	2.4370699048551723E-5	0.9999465799721242	4.42181812716809E-6	1.7283151808413365E-6	4.443988756332767E-6	1.7301858959862101E-6	8.565686913043381E-7	1.7214423936313454E-6	8.582472316052042E-7
16	16	1.9468127190102718E-6	1.3270144985948692E-5	2.7906879610299817E-5	9.793193693975775E-7	5.063422509452167E-6	1.979093155444756E-6	0.9999429382340511	1.9812353107530277E-6	9.808565317950033E-7	1.971223129030071E-6	9.827786277514627E-7
17	17	3.22402785222996E-5	2.197608255794563E-4	0.23445530238295312	1.6218061924165048E-5	0.6030661992121132	3.277486012396401E-5	8.427346556683768E-5	0.16202806751771887	1.6243518170337615E-5	3.264452820188972E-5	1.627534912581562E-5
18	18	1.9779535792522625E-5	0.13816915460791881	0.8616177549867227	9.949843829435074E-6	5.144416089971387E-5	2.010750367644868E-5	5.170209765359975E-5	2.0129267884777176E-5	9.965461335095434E-6	2.002754453726836E-5	9.984989749614307E-6
19	19	2.196224757319293E-5	1.49702232098491E-4	3.1482113970792314E-4	1.1047829220505159E-5	0.999355992393714	2.2326407376456017E-5	5.7407528702013967E-5	2.2350573309193716E-5	1.1065170149503008E-5	2.22376245845423E-5	1.108685356406209E-5
20	20	5.7307242545367226E-6	3.906258726872115E-5	0.9998991987365962	2.882767925410649E-6	1.490491504526257E-5	5.825746378758396E-6	1.4979647052481318E-5	5.832052122121497E-6	2.8872927848119005E-6	5.80257981999387E-6	2.8929507517080834E-6
21	21	1.5498406197128427E-4	0.001056424664163779	0.9972738892048782	7.79627605440934E-5	4.03094648154284E-4	1.5755387935123522E-4	4.051157312711099E-4	1.5772441446630173E-4	7.80851327013822E-5	1.5692735341494015E-4	7.82381490834521E-5
22	22	2.2097721364710087E-5	0.37642820176793507	0.6233337333728843	1.111597758772249E-5	5.747347891920403E-5	2.2464127482204074E-5	5.7761646173323445E-5	2.248844248213185E-5	1.1133425483978218E-5	2.237479703498313E-5	1.1155242652351592E-5
23	23	4.522543020967484E-7	3.082720849694236E-6	6.482907286670306E-6	2.2750077273066779E-7	0.9999867383695793	4.597532084417192E-7	1.1821559583873609E-6	4.602508418013461E-7	2.2785786322040454E-7	4.579249620629584E-7	2.283043756953145E-7
24	24	1.6825578319723437E-6	1.1468892800776227E-5	0.9999704044466844	8.463893105340951E-7	4.376127768568812E-6	1.7104566126881068E-6	4.398069310066883E-6	1.7123079978552771E-6	8.477178228278286E-7	1.7036548415405522E-6	8.493790188811331E-7
25	25	1.9563501011390905E-5	1.3335155062367426E-4	0.9996558854464183	9.841170281353152E-6	5.088228077486908E-5	1.9887886785465373E-5	5.1137400308434115E-5	1.9909413282149265E-5	9.85661721049177E-6	1.980880097088243E-5	9.87593233301023E-6
26	26	7.415134622972222E-6	0.19669135432995763	0.8032287603755051	3.7300891308430915E-6	1.9285861035294353E-5	7.5380862451352846E-6	1.938255874217377E-5	7.546245412084957E-6	3.735943965261924E-6	7.508110426310297E-6	3.743264957228045E-6
27	27	0.36844372471380044	4.004483355684295E-7	1.724146213756673E-5	2.95525641867844E-8	1.5279705823386552E-7	5.97223738604138E-8	1.5356317000466465E-7	0.6315381189997736	2.9598950577000882E-8	5.9484882937595925E-8	2.9656952967131658E-8
28	28	1.0608072006994184E-7	7.230826682998151E-7	1.5206300303353232E-6	5.336255658785238E-8	2.7590301859857724E-7	0.5601995728457164	2.7728637343924353E-7	1.0795638755613002E-7	5.344631569441208E-8	1.0741082945684747E-7	0.4397972019953835
29	29	5.275043847711222E-6	0.9998675545857184	7.561590910088619E-5	2.6535436942858135E-6	1.3719745867710888E-5	5.362510256756323E-6	1.3788535535019394E-5	5.368314596880774E-6	2.657708758017057E-6	5.3411857944622756E-6	2.6629168298314767E-6
30	30	6.750105241338626E-7	0.9999830518852365	9.676039841298002E-6	3.3955545614452853E-7	1.7556200699952752E-6	6.862029896977758E-7	1.7644226033438947E-6	6.86945730570225E-7	3.4008843026444934E-7	6.834742471724937E-7	3.4075487084516674E-7
31	31	2.102181710289627E-6	0.9999472185757025	3.013403977443259E-5	1.0574757637327192E-6	5.467518311802745E-6	2.137038346683105E-6	5.494931994920392E-6	2.1393514606594396E-6	1.0591356022195233E-6	2.12854023824828E-6	1.0612110946002926E-6
32	32	1.512108534217473E-6	0.9058340327687472	2.1675547118660108E-5	7.606469598901044E-7	3.932809927800292E-6	1.5371810658196207E-6	0.09413195384971959	1.5388448988589405E-6	7.618408890014815E-7	1.5310683391099805E-6	7.633337997837906E-7
33	33	3.5014248397435E-6	0.606994135098082	5.019170077998634E-5	1.7613472177199838E-6	9.106779083365257E-6	3.5594825670563382E-6	0.3929271038234049	3.56333532378724E-6	1.7641118691671977E-6	3.545327992397599E-6	1.7675688398663302E-6
34	34	7.127490122657427E-7	4.858342376233584E-6	1.021700787314162E-5	3.5853932246019534E-7	1.8537732762147211E-6	7.245672261902348E-7	1.8630679415945168E-6	7.253514922191042E-7	0.9999776051097604	7.216859251288655E-7	3.598057940374701E-7
35	35	4.209020784296506E-6	0.8048559011858256	6.033484122927213E-5	2.117294355028715E-6	1.0947149858766923E-5	4.278811281632059E-6	0.19504942106679207	4.283442634266888E-6	2.1206177093588085E-6	4.261796237283463E-6	2.1247732923541064E-6
